% # columns="iteration, evaluation, sigma, max axis length,  min axis length, all principle axes lengths  (sorted square roots of eigenvalues of C)", seed=432842, Fri Aug 14 16:22:29 2020
1 9 0.08941796015946446 1.0000428580612375 1.0 1.0 1.0000071428826531 1.000014285816327 1.000021428801022 1.0000285718367385 1.0000357149234769 1.0000428580612375
2 18 0.08130348638521377 1.046911951527553 0.8990410310696864 0.8990410310696864 0.9534793542378909 0.9729746515598724 0.9973995850428532 1.0012274636204332 1.0237335978331732 1.046911951527553
3 27 0.07938715853927573 1.0765875026676417 0.7932877694031057 0.7932877694031057 0.9208367690517678 0.9635001790113461 0.9923112038104231 1.0096622691008357 1.0516330889199923 1.0765875026676417
4 36 0.0688172155242567 1.1330558303516223 0.7776309307223841 0.7776309307223841 0.8649388951164669 0.9477090271698866 0.9717096262845308 1.0063994533040692 1.0505814869801775 1.1330558303516223
5 45 0.06119485551163121 1.1449570671797957 0.7186274800815007 0.7186274800815007 0.8444089470097946 0.9036446217181903 0.9609588996840637 0.9986889099193649 1.0782700122382471 1.1449570671797957
6 54 0.06135450703099118 1.1291744151040484 0.674042153554379 0.674042153554379 0.841740039358445 0.8908784882476214 0.9081715711201453 0.9975637781856346 1.1213592346040948 1.1291744151040484
7 63 0.06115863696664229 1.2489546736776378 0.6273770703214651 0.6273770703214651 0.8296695908159498 0.8629479380308628 0.8943489651314646 1.0347851609912337 1.1166773339577485 1.2489546736776378
8 72 0.057003561116847914 1.2989285374072133 0.5956609442775994 0.5956609442775994 0.8273795710862191 0.860084712250229 0.8727880364267779 1.0259886317930458 1.0782415558295322 1.2989285374072133
9 81 0.06106650936639626 1.3296998549786987 0.549602740531982 0.549602740531982 0.8231762801119484 0.8329345832235295 0.8753280373703866 1.013838210119178 1.0501507043127873 1.3296998549786987
10 90 0.05969417332463312 1.4058842533892264 0.5215657281025537 0.5215657281025537 0.7791762556461157 0.8504630415080213 0.8799430993778333 1.0099251711839705 1.0641610980987157 1.4058842533892264
11 99 0.059988446754023365 1.4125732234475843 0.48504582113976524 0.48504582113976524 0.7694435544584913 0.8082526138018613 0.8920419509128852 1.0192197401308312 1.072518121616189 1.4125732234475843
12 108 0.05696842052931988 1.4633985391499207 0.45557298511549543 0.45557298511549543 0.7287508323191871 0.8077454075920385 0.8698477276415096 1.037929614605922 1.1097947640718653 1.4633985391499207
13 117 0.06445383039376196 1.4675514425764769 0.415155098936686 0.415155098936686 0.7223199183744538 0.8071398526214517 0.8869444040971972 1.0378103166682873 1.1260299866326624 1.4675514425764769
14 126 0.07358676801776412 1.7400790447783576 0.3996697022617184 0.3996697022617184 0.6970416837989891 0.7754896720454394 0.8916489621145771 1.0667955310214765 1.1083134562129433 1.7400790447783576
15 135 0.07363748457218808 1.74167024945435 0.36959703508361214 0.36959703508361214 0.7057702431293816 0.7656993674014023 0.905839850265199 1.0778704867543172 1.18141522794196 1.74167024945435
16 144 0.08439923866413367 1.7471901507843808 0.3262859635480576 0.3262859635480576 0.7136859587061739 0.781838616773386 0.898694688391374 1.0489933909881983 1.2055139550010125 1.7471901507843808
17 153 0.0863887551509718 2.0178159698919518 0.3188499058322402 0.3188499058322402 0.673685935573666 0.7735167084161992 0.9006857026039263 1.0619982793631997 1.1807860460194988 2.0178159698919518
18 162 0.09324652770689794 2.0342674079265834 0.3008007174895985 0.3008007174895985 0.6539370980462377 0.7765523219699024 0.9428467965349584 1.0603139811134827 1.2070260845573648 2.0342674079265834
19 171 0.10614954002631859 2.1798286010252523 0.2885320891111116 0.2885320891111116 0.6298771567254657 0.7650046433836442 0.9408725059831712 1.0434835324927312 1.2297767343341262 2.1798286010252523
20 180 0.10897012278977564 2.222373840788193 0.2820352587738584 0.2820352587738584 0.6024117321206752 0.8296073921330743 0.8893524708618473 1.0870993681445467 1.2581810312501531 2.222373840788193
21 189 0.10667710352352054 2.207596876203272 0.26671279979494245 0.26671279979494245 0.6066700312563801 0.8377007508612002 0.8841040993330085 1.0978460111470374 1.273656707089301 2.207596876203272
22 198 0.11044088774276052 2.135281587625374 0.2516210034939502 0.2516210034939502 0.5952918356156912 0.8494867264385064 0.8874030881204606 1.0582757323638214 1.2904971209660836 2.135281587625374
23 207 0.10635754168845926 2.1261332902787613 0.2402514539171952 0.2402514539171952 0.5834228006858689 0.8321880717724169 0.8838429629131818 1.0834580539154388 1.3949486444106107 2.1261332902787613
24 216 0.09273561437942268 2.0374842915145455 0.2356048518311557 0.2356048518311557 0.535042299161126 0.8452890977317221 0.9046313721386181 1.0880075781974565 1.4034794631395027 2.0374842915145455
25 225 0.0924665696155364 1.9986248325039966 0.22160396134409066 0.22160396134409066 0.526342837905403 0.7916319153210427 0.9034721947954321 1.0936239917473725 1.4272293061238415 1.9986248325039966
26 234 0.10030838899984933 2.000693227422585 0.21220142778368803 0.21220142778368803 0.5104395874992422 0.7772438472880626 0.901247879267974 1.0958750923643081 1.556619413158021 2.000693227422585
27 243 0.1119582125778606 2.3245945498698535 0.1994826133440679 0.1994826133440679 0.5028952176623074 0.7530817269695619 0.8599095513048113 1.1008865326920028 1.581191412169273 2.3245945498698535
28 252 0.11283228197214758 2.6049479810571237 0.18523375292266267 0.18523375292266267 0.4769258908554443 0.7417730963822262 0.8491951717504357 1.0995644364197166 1.5712920800534136 2.6049479810571237
29 261 0.09573324040292812 2.5908157695320946 0.18262816277417712 0.18262816277417712 0.44940719388248446 0.7044150669520671 0.8485982853480869 1.1536124142439868 1.5843593117991515 2.5908157695320946
30 270 0.08423016267546132 2.6274662326539064 0.16740935120970496 0.16740935120970496 0.4512787982277893 0.6683043681328782 0.8359625058788652 1.1558103292789974 1.5707935281741918 2.6274662326539064
31 279 0.08197730055994826 2.6235370017240616 0.15559022353281313 0.15559022353281313 0.43340738326846645 0.6692065240068719 0.8069130253593814 1.1679106067645495 1.539946687051385 2.6235370017240616
32 288 0.08037144053687086 2.605938901957149 0.14827506084240927 0.14827506084240927 0.4321330539589123 0.6621973087836943 0.8324821997332529 1.179370189964019 1.5403811861930934 2.605938901957149
33 297 0.07757334217739875 2.530281957124339 0.14493415258832543 0.14493415258832543 0.4543491619629 0.651608715317856 0.8386453304834676 1.1690285828143117 1.5054342015402804 2.530281957124339
34 306 0.08111526522876195 2.5486612042825314 0.1313786186145395 0.1313786186145395 0.4553010756395763 0.6423273166883996 0.8555472093204503 1.1470623149041643 1.5233512434416934 2.5486612042825314
35 315 0.07637183157389953 2.431309789552565 0.12858627174228365 0.12858627174228365 0.4362343397115398 0.6853035841393296 0.846295389825538 1.1713578831964424 1.5015964784564177 2.431309789552565
36 324 0.07245626587358431 2.3400702747097415 0.12419878399072515 0.12419878399072515 0.4213676099809991 0.7089219791781108 0.8546472614465132 1.1541896944670944 1.5509788634590482 2.3400702747097415
37 333 0.07051267487316404 2.3553075899440334 0.11462726315076328 0.11462726315076328 0.4198825393110372 0.7039911256755443 0.8383688265068258 1.145415566088263 1.5603869370325776 2.3553075899440334
38 342 0.07577482789951198 2.3278068638323863 0.11853143070341027 0.11853143070341027 0.41457671889606484 0.6817681523830086 0.8474401144250274 1.1393464642490805 1.5181371463352045 2.3278068638323863
39 351 0.08614243992983395 2.3680407544801754 0.10841326178725222 0.10841326178725222 0.4146207668541887 0.6659637072440003 0.9131556814712869 1.139274595080677 1.5998095653658513 2.3680407544801754
40 360 0.08620940523734778 2.433860169146351 0.10742277422174562 0.10742277422174562 0.4081855623254367 0.6414990368494925 0.9061938109141353 1.1438876564252167 1.8539281536439773 2.433860169146351
41 369 0.09824645115776187 2.4489709745752175 0.10406666829638274 0.10406666829638274 0.3790691720745337 0.6177145719725444 0.8973937707699071 1.1636911186622476 1.8925330851249897 2.4489709745752175
42 378 0.10245250754331109 2.4589005505951023 0.10241098847673556 0.10241098847673556 0.3543429470423651 0.6100120025092033 0.947301753199806 1.176520322160143 2.0005768578855916 2.4589005505951023
43 387 0.09718583778076519 2.4353353605570125 0.10091361772217138 0.10091361772217138 0.3440682687849285 0.6164806519694496 0.9626699140059971 1.1796657603090055 1.9337437326980906 2.4353353605570125
44 396 0.08781553948879918 2.4253596471846204 0.0943907700969071 0.0943907700969071 0.32388601152489127 0.6094881520999702 0.9823173924095384 1.1804526596250855 1.953330612735421 2.4253596471846204
45 405 0.08847949451808435 2.4029028703974684 0.09084972558924813 0.09084972558924813 0.3007108402543778 0.61493485308166 0.9832584986078531 1.1550745871995702 1.993760570614802 2.4029028703974684
46 414 0.0816742390826497 2.33487508819839 0.09056249887191752 0.09056249887191752 0.29225623635287895 0.6309668848338017 1.0137996965812297 1.1003453759377269 1.9610452088129546 2.33487508819839
47 423 0.07858471208248684 2.374751170302437 0.08935667825550948 0.08935667825550948 0.2802400929383537 0.6236756180476133 0.9660299981778742 1.0968832785320404 1.9682162072934852 2.374751170302437
48 432 0.07403179096295041 2.3966022313477287 0.087659194087487 0.087659194087487 0.26831693911452853 0.5871551911256843 0.9651917031504194 1.1194329591230352 1.965468626148502 2.3966022313477287
49 441 0.07158930944579608 2.311434966418465 0.08635237080656172 0.08635237080656172 0.2565183149721155 0.604822736691189 0.9552638032237591 1.1180212394912545 2.0346148231988166 2.311434966418465
50 450 0.0748274223519509 2.2757892182975206 0.08797521344366004 0.08797521344366004 0.24460586383244254 0.6138755022899763 0.932649878013473 1.1089455162851636 2.0253196737370796 2.2757892182975206
51 459 0.07594756651664795 2.292872918746978 0.0868613337502658 0.0868613337502658 0.22205908315900527 0.6318413987792408 0.9276626459345856 1.1060543953946858 2.224746671981983 2.292872918746978
52 468 0.07065992721574976 2.3085018663127252 0.08630950346362834 0.08630950346362834 0.2182056569718092 0.602602389813277 0.9166187284157808 1.1132141143108263 2.279461332695115 2.3085018663127252
53 477 0.05805039182651119 2.31103413422404 0.08234119509945004 0.08234119509945004 0.21249152098808202 0.6041495816245398 0.8929700855766943 1.146662125808298 2.2217625250536464 2.31103413422404
54 486 0.049614839265263166 2.2401022787302414 0.08042084410876076 0.08042084410876076 0.20904380135772488 0.5883391772740074 0.8654702828536989 1.1485225826959609 2.1749324262512433 2.2401022787302414
55 495 0.046421575847010184 2.2376947142648658 0.07837967519395185 0.07837967519395185 0.19380983428910276 0.58183773764401 0.8557788363979133 1.1498643712446346 2.145775150809283 2.2376947142648658
56 504 0.04119900423939863 2.2136405953010145 0.07712353183482933 0.07712353183482933 0.17646912558544964 0.5824577137198056 0.8765435828703583 1.149639909036141 2.1237975644076834 2.2136405953010145
57 513 0.03940957858326435 2.228240483103126 0.07293344740661725 0.07293344740661725 0.17058780260905906 0.5596616903529164 0.8883219432025512 1.11998590840738 2.1229029079926662 2.228240483103126
58 522 0.03886990291380978 2.264932568293144 0.07096838029086834 0.07096838029086834 0.16657803511664923 0.5543462623441616 0.8784251748075875 1.0804170571161726 2.1519304331389777 2.264932568293144
59 531 0.03555489482542795 2.3837957530405385 0.07057649613017755 0.07057649613017755 0.15398961530988522 0.5500375979974924 0.8651706844011862 1.0679598787559206 2.1497906618909615 2.3837957530405385
60 540 0.03198668571171508 2.249761905668312 0.06811115834619373 0.06811115834619373 0.14710162670384705 0.5435185981445345 0.867166593742049 1.1060010964643705 2.095823140395836 2.249761905668312
61 549 0.02964466325966481 2.2247075810075145 0.06697578078709737 0.06697578078709737 0.13906704187354574 0.5629635010260723 0.7937658843908633 1.117623139282105 2.056510490872396 2.2247075810075145
62 558 0.025262313085427694 2.1324299396163293 0.06782710290685805 0.06782710290685805 0.13231310039437863 0.5616892437099928 0.7992759026549636 1.1154660138930839 1.9410363746821548 2.1324299396163293
63 567 0.025685367939696453 2.075950926203486 0.06738702155547868 0.06738702155547868 0.11589794451597703 0.554025045141143 0.7889030705863598 1.0972485585175649 1.961807711273163 2.075950926203486
64 576 0.024891577973514382 2.0075582713205864 0.06542184418863821 0.06542184418863821 0.11341030676436163 0.543484772845137 0.7986835705243968 1.174726508364843 1.9074057268005093 2.0075582713205864
65 585 0.02372286396233439 1.972183196001494 0.06291065012610103 0.06291065012610103 0.10942959005801087 0.5281874656608105 0.7972915388130519 1.1811027203877393 1.8823846776189017 1.972183196001494
66 594 0.022564944200614973 2.052309763520237 0.06279606931657729 0.06279606931657729 0.1006693381818038 0.5206582269864459 0.8054417846258641 1.1591455461653082 1.8655933866965082 2.052309763520237
67 603 0.023463357930729532 2.0814087166218993 0.060182187443819084 0.060182187443819084 0.09731404827038533 0.5415798927772796 0.8104058448378036 1.1398615618685215 1.8364674288466423 2.0814087166218993
68 612 0.02452257965554623 2.0013270477210665 0.06001587455142121 0.06001587455142121 0.09514517380788728 0.5567471809351929 0.8062633459220137 1.166667771257863 1.8840806727213173 2.0013270477210665
69 621 0.02417941941907864 1.9248373341352918 0.058913842091907 0.058913842091907 0.08992304744705032 0.5500427657430973 0.8047786150395776 1.306424643423992 1.861286981912125 1.9248373341352918
70 630 0.024493509824687537 2.042168001420453 0.057149017881851914 0.057149017881851914 0.08652785719865955 0.5370676441006835 0.7618586328780959 1.3186835586394432 1.90028669281399 2.042168001420453
71 639 0.023871530631909492 2.1493727175092423 0.054058639230973586 0.054058639230973586 0.08612349156536298 0.5317437454132552 0.7466254998074706 1.285360141588679 1.8917078321963794 2.1493727175092423
72 648 0.023427835372312106 2.114470802637807 0.05200384366544439 0.05200384366544439 0.08301761276732544 0.5374466646594354 0.7787770491098667 1.3117925770880332 1.8324855420996824 2.114470802637807
73 657 0.019844423419753898 2.110196564180259 0.04961070413730367 0.04961070413730367 0.07750218699636985 0.546364702575077 0.7932748989991477 1.317995199339519 1.862404120780803 2.110196564180259
74 666 0.017964863377769875 2.1333743411356605 0.04779231701312665 0.04779231701312665 0.07540667390848883 0.5275047292440664 0.7819638143536418 1.2945578969744425 1.816637855793879 2.1333743411356605
75 675 0.016714029698004083 2.1324332162058135 0.04740590858827634 0.04740590858827634 0.07089897164141613 0.5039430749865925 0.7725813432602294 1.3000873610739316 1.7937016462679352 2.1324332162058135
76 684 0.01641743121058962 2.1579852433917046 0.04589406019753342 0.04589406019753342 0.06801820176380918 0.4957040400051486 0.7719146004827454 1.3290055105469167 1.733545590130669 2.1579852433917046
77 693 0.01686077719068437 2.2410776713083065 0.046395518270329 0.046395518270329 0.06185740992255718 0.49682247175694877 0.7395527250178239 1.341259114015312 1.700542406053842 2.2410776713083065
78 702 0.017350598025221212 2.294323746817715 0.045057580525846665 0.045057580525846665 0.061357874221665124 0.48708540744763823 0.7644036306417843 1.2677194679469972 1.7060434383184373 2.294323746817715
79 711 0.014953473598387335 2.290549842121985 0.04435819021063238 0.04435819021063238 0.056158666786228585 0.48657191258608357 0.7996591023519516 1.2967600233670724 1.692655530654756 2.290549842121985
80 720 0.013641617112669724 2.2636871682953363 0.04199467354043461 0.04199467354043461 0.05403771935599956 0.4781916596203658 0.8006849222888646 1.2784122446722692 1.6207522434032415 2.2636871682953363
81 729 0.012331029588788041 2.279765694083996 0.0403668641268907 0.0403668641268907 0.05074993262385849 0.47729286591885706 0.7874867487819938 1.2709447560255085 1.597415002231898 2.279765694083996
82 738 0.011747234495467468 2.253822127253088 0.0401776607076217 0.0401776607076217 0.04709492175015629 0.44531453305801283 0.7824978787001702 1.3087272510710404 1.601168294602806 2.253822127253088
83 747 0.011871949842549658 2.238345222432497 0.039300777843841526 0.039300777843841526 0.04215652510691234 0.438892214647233 0.8054062017374457 1.316262632977311 1.5784757594120704 2.238345222432497
84 756 0.012015654162264843 2.102648179180938 0.03739664841824675 0.03739664841824675 0.04126753274328918 0.4478385082493799 0.7842576557383348 1.401376583251488 1.5850979812718968 2.102648179180938
85 765 0.011421140574913715 2.0762791977573833 0.03685479530735565 0.03685479530735565 0.03959413831703614 0.4413181735613881 0.7840785586842673 1.458537427042468 1.5522598736126696 2.0762791977573833
86 774 0.011066111575091573 2.0097363205387455 0.0349575490158957 0.0349575490158957 0.03746201654750819 0.43664186377762965 0.7887302273981683 1.4891710517485541 1.555139296036705 2.0097363205387455
87 783 0.009476844357108861 1.9835337288106947 0.03406264873290692 0.03406264873290692 0.03654744672936759 0.44616830563707865 0.7936266943676281 1.5042840806506783 1.6058618437183112 1.9835337288106947
88 792 0.008714180009811735 1.8959159617044798 0.03275348100429354 0.03275348100429354 0.036472104661864756 0.43682277341138964 0.7944014860796931 1.4486068963146 1.558524077532485 1.8959159617044798
89 801 0.007902008432254599 1.9049436733180967 0.03107776869957961 0.03107776869957961 0.03623198270271867 0.43078023193761156 0.8205178979257124 1.3780833914000599 1.5441100295389625 1.9049436733180967
90 810 0.007226407290920005 1.9216663895096038 0.028935785469841248 0.028935785469841248 0.03604591039062987 0.419257500360188 0.804903406118126 1.3426237633840625 1.548205617359723 1.9216663895096038
91 819 0.006420728296972321 1.9246527896500987 0.027452054920722724 0.027452054920722724 0.035021156534408966 0.4282645998679366 0.8016299213577331 1.284096163714718 1.5579290122519822 1.9246527896500987
92 828 0.006340574105180483 1.8965430540360873 0.02696622937360912 0.02696622937360912 0.03300177949862136 0.42884640098773286 0.7922345926181469 1.2570496466554124 1.4872263655993003 1.8965430540360873
93 837 0.006088216975024914 1.8506167982613435 0.026344135549226256 0.026344135549226256 0.03241639721357016 0.4211117254471004 0.7963450670130047 1.3203742096950901 1.527355758720526 1.8506167982613435
94 846 0.0060312131425070215 1.80783209982444 0.025621393979036004 0.025621393979036004 0.03160299345594182 0.41779934269526275 0.7966874833002491 1.300257155863635 1.5121021151830618 1.80783209982444
95 855 0.005842605778800693 1.8225416498355467 0.025662197325792818 0.025662197325792818 0.03035115918845701 0.4400716205975811 0.7798897877290563 1.2652015508426273 1.502386270825492 1.8225416498355467
96 864 0.005593575821624335 1.8530909361392751 0.02518012805564663 0.02518012805564663 0.02857634030272678 0.4454308982602262 0.7787052402056771 1.2226615915070513 1.4997606675517845 1.8530909361392751
97 873 0.005968271084000061 1.8133301569776703 0.023695608204615023 0.023695608204615023 0.028603988214564623 0.45461842499744565 0.7652393515635562 1.182264560360232 1.5229814925782026 1.8133301569776703
98 882 0.006785191507672225 1.7721543984320032 0.023542933854529373 0.023542933854529373 0.026968191849233485 0.4446005152331244 0.8341817522127778 1.1545386329821627 1.5626108123068843 1.7721543984320032
99 891 0.007064839246801912 1.8184764367140167 0.023352680242932244 0.023352680242932244 0.025680936333468494 0.4548366307194336 0.8367972856932382 1.1137839170061805 1.5772463628049247 1.8184764367140167
100 900 0.007583072451963301 1.7649993621712832 0.022927625120372892 0.022927625120372892 0.02465965211162563 0.4496917256500924 0.8492983676254291 1.1153010902838194 1.6040615257890642 1.7649993621712832
101 909 0.007906550419527517 1.7666850823464877 0.02223420166481875 0.02223420166481875 0.02406397126272982 0.4484393271684366 0.827485332037883 1.0860697044773762 1.6892019753448677 1.7666850823464877
102 918 0.007432359206540015 1.8130841164071434 0.021988170182486867 0.021988170182486867 0.023158915194993825 0.45746292490795587 0.8248642217981159 1.0369619413221287 1.6485589426856817 1.8130841164071434
103 927 0.006928184314672651 1.8558982817647822 0.02148058803757289 0.02148058803757289 0.02264975483153041 0.45951355653983533 0.7986071437817772 1.018522002760798 1.5836265638433105 1.8558982817647822
104 936 0.007372532187761443 1.920301320822723 0.02112433388114804 0.02112433388114804 0.021880246287160492 0.4327687491139238 0.7894534000203424 1.0129932320474424 1.5287489926967543 1.920301320822723
105 945 0.007676596323671434 2.005509821889483 0.020378265203969778 0.020378265203969778 0.021855739757903617 0.4581440201747553 0.7748672427428033 0.9946510489562121 1.454566617565894 2.005509821889483
106 954 0.007200561678196571 2.0324297449799107 0.020243868556930573 0.020243868556930573 0.02145866904415469 0.45662140214704133 0.7836829847299175 0.9468590468579188 1.4785780295524718 2.0324297449799107
107 963 0.006420803319545187 1.9726202284846523 0.019789527370159498 0.019789527370159498 0.021035381421957582 0.4491914579968248 0.801353478806628 0.9169113870871478 1.4763729587699603 1.9726202284846523
108 972 0.005861961548103859 1.9484404046178496 0.019622113417235788 0.019622113417235788 0.021113352306686452 0.4249345563617832 0.7797223553780637 0.8526073818553119 1.489650381417989 1.9484404046178496
109 981 0.005107733958610067 1.8255093133315077 0.018942245228887163 0.018942245228887163 0.020461429338327553 0.4228277884482986 0.8123558859951601 0.8499655321777598 1.4581753138033111 1.8255093133315077
110 990 0.0046156351553626115 1.8004245377968975 0.017950906487264193 0.017950906487264193 0.01938946535261941 0.41758417600603254 0.8230287307244442 0.8522184349055222 1.4083691700081338 1.8004245377968975
111 999 0.004249851611401212 1.7977604694306581 0.017646929705233513 0.017646929705233513 0.01791512032879446 0.4341916710276885 0.8150219805934866 0.8526245373832005 1.3706578646799472 1.7977604694306581
112 1008 0.0039858120537789735 1.7455892415565546 0.0170926665850697 0.0170926665850697 0.01764202554370712 0.42696388432744364 0.823476656950831 0.8632227693443736 1.3114720993093991 1.7455892415565546
113 1017 0.003984959068258514 1.6911577029562486 0.016795592084660298 0.016795592084660298 0.01769888602714481 0.423249415331791 0.834114118582172 0.8738060791568039 1.3181712813743152 1.6911577029562486
114 1026 0.0033287982889289463 1.630180628313694 0.016499784099251333 0.016499784099251333 0.017797876123640952 0.44321569140064676 0.8202285717786615 0.8798316720643168 1.29467997940118 1.630180628313694
115 1035 0.0029022364536570697 1.579085579257616 0.016218805685555764 0.016218805685555764 0.017805860062378248 0.4412956333262736 0.7904881112284707 0.8568697808632424 1.2630792888146554 1.579085579257616
116 1044 0.0027098626503705638 1.5778969483392369 0.0159735212983237 0.0159735212983237 0.017046988127588935 0.41186027893963245 0.7766309854151439 0.8693264963748323 1.271821069649835 1.5778969483392369
117 1053 0.0026200644722077244 1.572308239511101 0.015791703177111125 0.015791703177111125 0.01634300599920164 0.41171422277890674 0.7809494465542034 0.8759329402722451 1.2336779701849367 1.572308239511101
118 1062 0.002577343941582785 1.4827953303856083 0.014793746116048175 0.014793746116048175 0.01618506464725175 0.43458911476580925 0.778923360036852 0.8825554507389574 1.2088414899661164 1.4827953303856083
119 1071 0.0026254517195936663 1.5182070193487944 0.014413146575085183 0.014413146575085183 0.015095970883812397 0.4403219592017361 0.7907167297771729 0.8956818471786693 1.1735492397086273 1.5182070193487944
120 1080 0.0025058955479087797 1.5424266086244613 0.013902045429390084 0.013902045429390084 0.01475812202424005 0.4787733210202575 0.7603809759141845 0.8853259202665823 1.1630893149417012 1.5424266086244613
121 1089 0.0023712224486770487 1.5784609950998045 0.013107804491284422 0.013107804491284422 0.014752943550794768 0.4790292287009499 0.7335270889530565 0.8691237947040791 1.16558719360822 1.5784609950998045
122 1098 0.0021617198507565137 1.582443510878172 0.012978038938139199 0.012978038938139199 0.014634491798376737 0.4794159834152031 0.7308265702922502 0.813941738796491 1.1377059628746833 1.582443510878172
123 1107 0.0019331103173461062 1.5100842510554258 0.013220370403394384 0.013220370403394384 0.014219195113535683 0.48201834259457066 0.7173374106262347 0.799865299549591 1.1121260014588916 1.5100842510554258
124 1116 0.0017936336663627855 1.498929684493826 0.012999733606161466 0.012999733606161466 0.01385407230418876 0.47279464018570844 0.7056019173239293 0.790697024585792 1.0687474836587794 1.498929684493826
125 1125 0.0016504782484110469 1.51563308732727 0.012356463519842743 0.012356463519842743 0.013865822760497831 0.4668889231575999 0.7059385248843432 0.7761512319259888 1.0640613926305338 1.51563308732727
126 1134 0.0016076752203584958 1.4955290160876435 0.012260446283353843 0.012260446283353843 0.013512883407695816 0.457376390784625 0.6746124587668684 0.7728683634661535 1.092750440723142 1.4955290160876435
127 1143 0.0014993918294588591 1.4412301836585406 0.011992787054668967 0.011992787054668967 0.013248013299035456 0.4540171738232802 0.6597053679861872 0.7386304304336319 1.13969832681632 1.4412301836585406
128 1152 0.0014410214821070323 1.4286095958421037 0.01177614716513186 0.01177614716513186 0.01246137665745355 0.4577588411225135 0.6476773275933931 0.7307302298901687 1.14067330911302 1.4286095958421037
129 1161 0.0012991095504107449 1.3808058955539337 0.011460412113207454 0.011460412113207454 0.011982640553061174 0.4583987495107784 0.6487043856557859 0.7194850863033959 1.140218253970969 1.3808058955539337
130 1170 0.0011947312942379906 1.3633741939262167 0.011171733346149093 0.011171733346149093 0.011807218303205295 0.448854078413802 0.6372156877509799 0.6922657075921004 1.1161033807303251 1.3633741939262167
131 1179 0.001079591211710766 1.3728710225145095 0.011043654570142726 0.011043654570142726 0.011715812354184119 0.425392719659397 0.6095873965586757 0.6680176783530481 1.132186651266145 1.3728710225145095
132 1188 0.0009482993972878504 1.3694327144750902 0.01090984825259538 0.01090984825259538 0.01179473267981018 0.43321875441190794 0.5689410865866487 0.6680146886194225 1.076539006036527 1.3694327144750902
133 1197 0.000869984572942093 1.3199648746965928 0.010853902852991568 0.010853902852991568 0.011516731351340268 0.43098336209777094 0.5464075594945412 0.6360709743457299 1.0944082155088404 1.3199648746965928
134 1206 0.0008331598526385195 1.3049142938644331 0.010821496382396106 0.010821496382396106 0.011763466175333904 0.42485174405638443 0.5528082420434953 0.6228419041640306 1.0021915139651913 1.3049142938644331
135 1215 0.0007476902592258528 1.2970629279401047 0.010598393360856296 0.010598393360856296 0.011719891300580421 0.4184997464906856 0.5566444410833108 0.5980047461968154 1.0117996257297683 1.2970629279401047
136 1224 0.0006442444932668333 1.2623916333695662 0.01036608247540313 0.01036608247540313 0.011581036535585619 0.404630381408623 0.5404562577985844 0.5863399198243519 1.0088695355435002 1.2623916333695662
137 1233 0.0005433406251650738 1.2460385064932409 0.010066046725833363 0.010066046725833363 0.011242687547471977 0.39432045622091844 0.5334684147782599 0.5778147445109061 1.00465507178193 1.2460385064932409
138 1242 0.00045702225883534505 1.2181325690219205 0.009759703675036898 0.009759703675036898 0.010815730900001519 0.38195344432084827 0.5316381974200173 0.5572295095789395 1.0887697159001715 1.2181325690219205
139 1251 0.0004159688934067412 1.2331289615544372 0.009357964325139731 0.009357964325139731 0.009950639771128448 0.38066850187344786 0.5274963964463466 0.5544240126794223 1.0493944458088513 1.2331289615544372
140 1260 0.00035903981434730505 1.2397548915952241 0.009033167836754029 0.009033167836754029 0.00955386689465456 0.3861609431181731 0.5110493171665121 0.5585154414902566 1.0483716370895184 1.2397548915952241
141 1269 0.00034461858377624955 1.206176089826111 0.008491125051964086 0.008491125051964086 0.009437649150114307 0.3700622819525742 0.49927074963782003 0.5586250204932195 1.0534118843759919 1.206176089826111
142 1278 0.00032828504143493387 1.1663032078762117 0.008237182197339302 0.008237182197339302 0.009223885341334519 0.38118825537882467 0.5071536753497299 0.5621639384624804 0.9974381972648044 1.1663032078762117
143 1287 0.00028782308895069353 1.1467618659690906 0.008224557533505702 0.008224557533505702 0.009257401672124738 0.37574947619157184 0.48212513733751616 0.5591653605905847 0.9649049320483943 1.1467618659690906
144 1296 0.0002556370669851927 1.1685307301989762 0.007915428908673876 0.007915428908673876 0.0090277195930532 0.37574485478707387 0.4491317205988487 0.5539327678555426 0.9698058207102737 1.1685307301989762
145 1305 0.00022983690848979538 1.1718257672060794 0.0077556663757185245 0.0077556663757185245 0.008242420274481717 0.37005946154105246 0.42984671283482007 0.5495790663536229 0.978490124318125 1.1718257672060794
146 1314 0.00020678277274802467 1.1823845752386428 0.00761901865060291 0.00761901865060291 0.008118606988172865 0.3457055619737702 0.4338956156326856 0.5468864950987954 0.94700674511451 1.1823845752386428
147 1323 0.00018033717266502535 1.1625733138644372 0.007390338847052297 0.007390338847052297 0.007920187148450837 0.33537966132698716 0.43218566201397784 0.5415141177271675 0.9155368257108801 1.1625733138644372
148 1332 0.00015467373998355758 1.1349967513500774 0.0074053644031671926 0.0074053644031671926 0.007892974667265207 0.32262200678482333 0.4153853602301563 0.5434344489904719 0.880820145802725 1.1349967513500774
149 1341 0.0001368151119170819 1.1311609256402957 0.007359922437084076 0.007359922437084076 0.0075873204088258315 0.32297468685570024 0.3901832039289781 0.5436067010973293 0.8694355472962205 1.1311609256402957
150 1350 0.00012268809427509603 1.134412050669609 0.007151166563069462 0.007151166563069462 0.007211074314033743 0.32943805408522164 0.38468350295369097 0.5295343386490025 0.8332357556575385 1.134412050669609
151 1359 0.00011582564904185787 1.0889883737838713 0.0068185519457370294 0.0068185519457370294 0.007152995901947853 0.3257957362425518 0.3718178154716992 0.5272240120185935 0.8157584853490744 1.0889883737838713
152 1368 9.808454178321157e-05 1.0601283384871787 0.006687805288499983 0.006687805288499983 0.007144230375116271 0.3198988646740893 0.36075945587315844 0.5389661968206223 0.7954427638100874 1.0601283384871787
153 1377 9.537075202096308e-05 1.0357797382836076 0.006610226601989244 0.006610226601989244 0.006935121730686842 0.30192700655904114 0.3591869085453973 0.5235964609658158 0.7864510024484256 1.0357797382836076
154 1386 8.627301870579968e-05 1.042924534069289 0.006639435454822551 0.006639435454822551 0.006765104916883635 0.2991889430479856 0.35498914291925904 0.5026210981981297 0.7816800921172621 1.042924534069289
155 1395 7.717261444345544e-05 1.0191232511726707 0.006502584641637574 0.006502584641637574 0.00661453166807198 0.2914229081173334 0.3538304891886459 0.4880020831310812 0.8006662669675022 1.0191232511726707
156 1404 6.763307408924049e-05 1.0333574122902982 0.006097772563624907 0.006097772563624907 0.006215944437243524 0.28848762689251306 0.35636790328222595 0.4901049850303501 0.7953967413745691 1.0333574122902982
157 1413 6.209352159720277e-05 1.0649856757255611 0.005942330577790857 0.005942330577790857 0.006280414736814497 0.28769263610639717 0.34880167971024184 0.47992129163602415 0.7433062104491741 1.0649856757255611
158 1422 6.197427642755074e-05 1.1102680295440412 0.0058810994966818336 0.0058810994966818336 0.006079948501560915 0.27812029629411567 0.3451002437094707 0.44097342605319373 0.7374139804457112 1.1102680295440412
159 1431 6.12949145285454e-05 1.140996766827012 0.005779512616558944 0.005779512616558944 0.00595834745054597 0.27328863729744884 0.340440293232011 0.4300675378705852 0.7333770271101798 1.140996766827012
160 1440 5.3353735670951534e-05 1.1601259315835604 0.005431263845016871 0.005431263845016871 0.005854139538777961 0.2692654746185199 0.3287886199323781 0.4419045296742314 0.7449624731756398 1.1601259315835604
161 1449 4.9970435530322986e-05 1.1446036723357524 0.005234511486686017 0.005234511486686017 0.005736604445853113 0.26995707196143953 0.323695066836168 0.4434414057904131 0.7352506730189063 1.1446036723357524
162 1458 4.456213693598973e-05 1.177014029829246 0.005121613103197994 0.005121613103197994 0.005583780001060998 0.2694246783035457 0.3265107438875094 0.4563394389372836 0.6890280338006928 1.177014029829246
163 1467 4.475494616036032e-05 1.1447861896022518 0.0048603184837514276 0.0048603184837514276 0.0055467578158267875 0.2668642148690001 0.3213692562520039 0.4752422398961229 0.6674565934892696 1.1447861896022518
164 1476 3.9254978014612486e-05 1.094976819202322 0.004749168783373772 0.004749168783373772 0.005795829116309475 0.25269591858250107 0.311498993900269 0.47505256682732755 0.6849404736585665 1.094976819202322
165 1485 3.3047856720615535e-05 1.066662955887064 0.004803492634792779 0.004803492634792779 0.00583847807458383 0.24389544342611325 0.30000292657348426 0.4537182330478185 0.6637729020375149 1.066662955887064
166 1494 2.8217731420516318e-05 1.065685741044932 0.004747138569117035 0.004747138569117035 0.005542772184997903 0.23108401048615385 0.29826946331432064 0.4629817158213455 0.6402766832518684 1.065685741044932
167 1503 2.5769779416673993e-05 0.9985709754189332 0.004515068523544797 0.004515068523544797 0.005398957960970862 0.22778023014307777 0.2966583370541744 0.4493426180299646 0.6365724717294066 0.9985709754189332
168 1512 2.4148885574559766e-05 0.9498323086251557 0.004480456043908237 0.004480456043908237 0.005103417207633277 0.22832640522509184 0.29773174120268 0.44536263995413233 0.6545253828014024 0.9498323086251557
169 1521 2.08852669178406e-05 0.9357755273088041 0.004256965818776927 0.004256965818776927 0.005034001880275251 0.22167195648701346 0.2961920157166703 0.44320094644405356 0.6693070241100683 0.9357755273088041
170 1530 1.8983238953601234e-05 0.9223463058208623 0.004050756010060552 0.004050756010060552 0.004978039565322468 0.2200289923433045 0.28216178170494355 0.4490340949964311 0.6383260357928696 0.9223463058208623
171 1539 1.8682117485534266e-05 0.9256966892118376 0.0038650632010179594 0.0038650632010179594 0.004613544755050035 0.2209095820712832 0.29237476882569896 0.4426674120813692 0.6180730376675302 0.9256966892118376
172 1548 1.6613066234596917e-05 0.9443981060141567 0.0036790375922613103 0.0036790375922613103 0.004208248763357942 0.22019441382016675 0.29199192564212206 0.44682917219007456 0.6455566878849087 0.9443981060141567
173 1557 1.6848609538046287e-05 0.9659785356761359 0.0036013290568913912 0.0036013290568913912 0.004221034326535126 0.20935127788237942 0.2905763808977241 0.4478682435527247 0.5874934147751149 0.9659785356761359
174 1566 1.4335414291381778e-05 0.9792965332263225 0.00354794123881186 0.00354794123881186 0.004205418312135472 0.20639985763126512 0.3106304254786269 0.4212546314715721 0.5832854153577837 0.9792965332263225
175 1575 1.2980539749551199e-05 0.9500455895818772 0.0032944926001412227 0.0032944926001412227 0.004102836968461789 0.20679913839449146 0.3142973302007219 0.4055297522558756 0.5721840877312997 0.9500455895818772
176 1584 1.0965960272433325e-05 0.9305299713854452 0.0033044138793582793 0.0033044138793582793 0.00402695692520554 0.20008517391151287 0.29051547890770507 0.4009917332841742 0.5744929143616521 0.9305299713854452
177 1593 1.0367058004062912e-05 0.9273621372724236 0.003102161666340519 0.003102161666340519 0.004013274861100353 0.19797454821808558 0.2792361557092831 0.3915018319899852 0.5777366984725172 0.9273621372724236
178 1602 1.0359306961928271e-05 0.9235447270425163 0.003120985813493896 0.003120985813493896 0.0039204264115596625 0.19355458761561772 0.2727858217408884 0.3765251021532305 0.5779470971168366 0.9235447270425163
179 1611 9.317349831620475e-06 0.8899927325639881 0.003019781138537049 0.003019781138537049 0.0038882871373364064 0.200011974010324 0.26565695903157427 0.3751007089279362 0.5842921129498484 0.8899927325639881
180 1620 8.31838937573996e-06 0.9023453373565238 0.0030023308231824667 0.0030023308231824667 0.0035619667954565806 0.19235683229601527 0.2621355325165842 0.36483678949385634 0.5937242994812131 0.9023453373565238
181 1629 7.868966483428727e-06 0.8926902231429266 0.0029803453185655608 0.0029803453185655608 0.0036362875368470037 0.18788247838563862 0.2544383505542944 0.3442520692011528 0.6078078167788896 0.8926902231429266
182 1638 7.804389962100104e-06 0.8758860773960022 0.0029505322320653123 0.0029505322320653123 0.0034688249062637326 0.18500476809977343 0.2512022551529542 0.33936429319408346 0.6247723807461018 0.8758860773960022
183 1647 7.541275688044429e-06 0.8742884136652422 0.0028489164314538804 0.0028489164314538804 0.0034163320952194176 0.18632784474912334 0.24350602547920178 0.3483893518770567 0.6153437491442186 0.8742884136652422
184 1656 7.051011512068457e-06 0.8724955922010845 0.002722793750262069 0.002722793750262069 0.003424164557608077 0.1804121108431946 0.24595377627891665 0.3454438933687687 0.6115430844743799 0.8724955922010845
185 1665 6.806038283392712e-06 0.8749719083782165 0.0026759154297364258 0.0026759154297364258 0.0034210187728124417 0.16753212825692473 0.24415002237407607 0.3465820752606416 0.5956518710423703 0.8749719083782165
186 1674 5.939406886190771e-06 0.8861903985785385 0.0026328773506216043 0.0026328773506216043 0.003295930904435442 0.1674776154017527 0.24370936204575142 0.343869597388236 0.5769340138000054 0.8861903985785385
187 1683 5.6580246913635234e-06 0.8896494676732275 0.002624989178200005 0.002624989178200005 0.003092523069720553 0.1658723541473407 0.23689773832369873 0.32783025522561143 0.5883658108242783 0.8896494676732275
188 1692 6.165804212614873e-06 0.9458555082661773 0.0025429622083738388 0.0025429622083738388 0.0030939987603940127 0.1653347500938102 0.2281279546526444 0.3265119331847105 0.5398089590842018 0.9458555082661773
189 1701 6.676275013003701e-06 1.0192674751506767 0.00236255498147419 0.00236255498147419 0.0029823971671218016 0.16595167023008178 0.23111790470046362 0.33015680940185677 0.5489666178381017 1.0192674751506767
190 1710 5.989018128713743e-06 1.069294004817504 0.0024099458955687434 0.0024099458955687434 0.0029813966898417027 0.15706558557972397 0.23161258503459609 0.32702535419896867 0.5593487735908531 1.069294004817504
191 1719 5.4839576115549125e-06 1.1386761658827038 0.00234336408504996 0.00234336408504996 0.0030435927301554195 0.15404375218559635 0.2231484046747192 0.32236078595070544 0.5354990937466011 1.1386761658827038
192 1728 5.09656184355593e-06 1.1561540709428237 0.00228732546599923 0.00228732546599923 0.0029993393399234667 0.14720946347503072 0.2161431681341473 0.313487173618364 0.545439813920492 1.1561540709428237
193 1737 4.853475730438775e-06 1.1700841606706922 0.002257546468806444 0.002257546468806444 0.0027550432336307922 0.14507264695180197 0.21227485997713144 0.31178855157541646 0.5538287684716082 1.1700841606706922
194 1746 4.458971125128569e-06 1.2106590039664067 0.0022253623857333184 0.0022253623857333184 0.0026570202783783984 0.1401910795300541 0.20811325869160377 0.31067677217251916 0.5559869594977792 1.2106590039664067
195 1755 4.4253432619090145e-06 1.2268104913749664 0.0021591452023748564 0.0021591452023748564 0.0025712245088941096 0.12555120480078408 0.20928698877417082 0.3069446643548285 0.5583188715042189 1.2268104913749664
196 1764 3.935832724252614e-06 1.2225064091025755 0.0020567609703797908 0.0020567609703797908 0.002456809007444065 0.1246323162471806 0.20358248092693929 0.31635402852833705 0.5737249182166335 1.2225064091025755
197 1773 3.652598061100229e-06 1.1793268715494096 0.0019152360249511196 0.0019152360249511196 0.002455520278832811 0.11925279665950596 0.20241422088707844 0.3172452524104709 0.5810170552382705 1.1793268715494096
198 1782 3.5577655303314814e-06 1.1952125992602867 0.0019049395285783094 0.0019049395285783094 0.002434114263302107 0.1177606444817664 0.1911627608958729 0.318600471618328 0.546032744811429 1.1952125992602867
199 1791 3.2657157736441587e-06 1.262943681730605 0.0018800261038530964 0.0018800261038530964 0.002421568915275472 0.11679529692610073 0.1868802696807103 0.30535553376101576 0.5130388962221757 1.262943681730605
200 1800 2.7679078110082152e-06 1.2721271764258741 0.001789212509006413 0.001789212509006413 0.002336772880895516 0.1156188073526295 0.18647109842021964 0.2973858126417519 0.503722314629939 1.2721271764258741
201 1809 2.3313481559498927e-06 1.2747236884084443 0.0017789396303913014 0.0017789396303913014 0.002176901616151209 0.11061609916056572 0.1836700042520229 0.2895277011024016 0.4984799843976203 1.2747236884084443
202 1818 2.0444825472717925e-06 1.2489885443133701 0.0017644801023478955 0.0017644801023478955 0.0021404690714365775 0.10770599868457761 0.18054215393056972 0.278493740302683 0.484502713593866 1.2489885443133701
203 1827 1.894592947135235e-06 1.2230606999634441 0.0017737137641885177 0.0017737137641885177 0.0020690328079544886 0.10675040010638491 0.1754339522362712 0.25384875995236145 0.5008158986153226 1.2230606999634441
204 1836 1.6569053451591933e-06 1.201451039430939 0.0017294252531984615 0.0017294252531984615 0.0020756665564749172 0.10274490570786562 0.17560876670616687 0.2440704080782133 0.5091979620892463 1.201451039430939
205 1845 1.487806133810795e-06 1.2463152571193097 0.0016908100729527587 0.0016908100729527587 0.0020562315142529874 0.09906493379685873 0.1761276535642541 0.23275121147328662 0.5031413884410219 1.2463152571193097
206 1854 1.3648023767421588e-06 1.2386130553126602 0.0016642013650916623 0.0016642013650916623 0.002005783072581609 0.09836584803492465 0.16958876812293833 0.2257586974513036 0.4977122099849441 1.2386130553126602
207 1863 1.3026303942732799e-06 1.247473321595851 0.0016067919372021416 0.0016067919372021416 0.002025170194628807 0.09563986248943233 0.1616625433358101 0.23039801834832102 0.48464558146369807 1.247473321595851
208 1872 1.1887740147402085e-06 1.2594543485272516 0.001560939938328025 0.001560939938328025 0.0019872431532101937 0.0966642910604797 0.15900218723183535 0.22575367603122456 0.4906151348473208 1.2594543485272516
209 1881 1.0170117563063755e-06 1.2587113777501897 0.001547932205200767 0.001547932205200767 0.001979649397645434 0.09541762340159773 0.1528594463439451 0.21878679884410998 0.4956766180923173 1.2587113777501897
210 1890 9.562373241639487e-07 1.231640732041572 0.0015444628767124786 0.0015444628767124786 0.0019323453397642521 0.09385530129584564 0.14230526360886941 0.2141437089992523 0.49523271653169565 1.231640732041572
211 1899 8.366516583466282e-07 1.225963117001584 0.0015126017891993974 0.0015126017891993974 0.0018494623767033329 0.08860739280430321 0.14425184288672935 0.20960772358226837 0.5057486852842654 1.225963117001584
212 1908 8.405913298034501e-07 1.1998859954653285 0.0014599437714588209 0.0014599437714588209 0.0018488239283834253 0.09000469446651045 0.13627558839835172 0.20832557821921732 0.49560295317691444 1.1998859954653285
213 1917 7.450844938136344e-07 1.2624409229979094 0.0013394810128272649 0.0013394810128272649 0.0018528883604736744 0.0887247264427763 0.13722530133117164 0.20662656496713758 0.48405662489018336 1.2624409229979094
214 1926 6.580539927818219e-07 1.237928806633502 0.0013531594886031259 0.0013531594886031259 0.0017726524367706392 0.08067818281414861 0.13701358543305325 0.20728705273037373 0.48821120647485083 1.237928806633502
215 1935 6.534190202181867e-07 1.259342484048566 0.0013612827041984447 0.0013612827041984447 0.0016789035147166992 0.08018427880392083 0.1356366949654463 0.19544398419743986 0.46747139501960056 1.259342484048566
216 1944 6.288370809826721e-07 1.2729260569294343 0.001355838746887008 0.001355838746887008 0.0015719654278000565 0.07887127844509964 0.12946999197285675 0.19611609769185737 0.5041452706663817 1.2729260569294343
217 1953 6.561280402739995e-07 1.3006823471091242 0.0012888768141988266 0.0012888768141988266 0.00152923434561195 0.08221498384955714 0.12827872333604123 0.1917117223920221 0.5029801852078641 1.3006823471091242
218 1962 6.348757299587562e-07 1.319864944154154 0.0013127394107114434 0.0013127394107114434 0.0014268921671817564 0.08165677281789842 0.1241326784994361 0.18547753688557073 0.5231774881281426 1.319864944154154
219 1971 6.143254893640158e-07 1.3086612496446126 0.0012691544801330431 0.0012691544801330431 0.0013814224294912095 0.08151921690131553 0.1183577261966507 0.18649034262400221 0.5260353441544975 1.3086612496446126
220 1980 6.015357438152311e-07 1.3242475595262773 0.0012701932117166585 0.0012701932117166585 0.0013658479639231725 0.08039863866819205 0.11955346281317496 0.18010102630553873 0.5317447326813081 1.3242475595262773
221 1989 5.592875502877161e-07 1.3230172009104737 0.0012614038684702444 0.0012614038684702444 0.0013271641007188224 0.0805818276637934 0.11106180864752659 0.18789964740154624 0.530364411334706 1.3230172009104737
222 1998 5.227896909971616e-07 1.3553880847289321 0.0012243705329891407 0.0012243705329891407 0.0012621934409189686 0.07991838272722766 0.10939055470436955 0.17795885531708416 0.5358369008375921 1.3553880847289321
223 2007 4.861505506749956e-07 1.3549915698431465 0.0011714484879716653 0.0011714484879716653 0.0012557355559144104 0.07965809820017629 0.10697100788915594 0.16993209768363038 0.5203670005843436 1.3549915698431465
224 2016 4.713891449945862e-07 1.3389375006233843 0.0011458555079375784 0.0011458555079375784 0.001220281284028318 0.07982385829252586 0.1086538501537103 0.1569755496828732 0.529940000091914 1.3389375006233843
225 2025 4.832748672516153e-07 1.3387373117026793 0.0010897085276746965 0.0010897085276746965 0.0012156326048579221 0.0799904048458779 0.10016170434246252 0.15880586777832398 0.5410044842286373 1.3387373117026793
226 2034 5.499767400721821e-07 1.4527640238913553 0.001077141999496586 0.001077141999496586 0.0012056939016008759 0.07660747091956611 0.09803453702896102 0.15161069652083606 0.5251002469575092 1.4527640238913553
227 2043 5.332476651822939e-07 1.454115771039697 0.0010447628968109537 0.0010447628968109537 0.0011297090164383372 0.07564016809568118 0.09666540114301726 0.15229463433154783 0.6046645285138456 1.454115771039697
228 2052 4.745054996353895e-07 1.4401232139858702 0.001053377386483454 0.001053377386483454 0.0011352532972823558 0.07299178795533694 0.093045519939287 0.15178149370541605 0.6034817672542018 1.4401232139858702
229 2061 4.254739991743956e-07 1.4368207983369088 0.0009613144029198669 0.0009613144029198669 0.0011354672005100663 0.07335978528692638 0.09264042137495906 0.147319753170013 0.6300101861285491 1.4368207983369088
230 2070 3.8255529461359933e-07 1.4867919120863349 0.0009152095340582567 0.0009152095340582567 0.001132780408257942 0.0715311472480941 0.09234288951843388 0.14173242807349434 0.613431645444158 1.4867919120863349
231 2079 3.324013103031445e-07 1.483062145691089 0.0008830273534447206 0.0008830273534447206 0.001110361616880604 0.06957155078201455 0.09010821216664135 0.14120406940575891 0.6116711499459947 1.483062145691089
232 2088 2.951187192753682e-07 1.4721783471397447 0.0008823118178017406 0.0008823118178017406 0.001094378806951493 0.06681064663682379 0.08813545900397261 0.13740684843153972 0.6000775524543558 1.4721783471397447
233 2097 2.8230467077433505e-07 1.3939736586382643 0.0008737310244779543 0.0008737310244779543 0.0010575007410639334 0.06516993671051564 0.08769960923051258 0.13264950108195864 0.5959108536052251 1.3939736586382643
234 2106 2.5792979383487635e-07 1.3587065354084762 0.0008977249213171232 0.0008977249213171232 0.0010652417307059202 0.06350807122832892 0.08672981349898869 0.12738278140675852 0.5836043888531169 1.3587065354084762
235 2115 2.4969457211332885e-07 1.3483081224570421 0.0009047373314404587 0.0009047373314404587 0.0010524674844790344 0.06419656682422367 0.0852345405100318 0.12252299296253455 0.5758869250605277 1.3483081224570421
236 2124 2.423000686782038e-07 1.3405787640720683 0.0008998017592131218 0.0008998017592131218 0.0010663751593011856 0.0650721162174907 0.08112314279437104 0.1185371245627812 0.5670687488888415 1.3405787640720683
237 2133 2.6333490139086384e-07 1.361238498396688 0.0008871332883752692 0.0008871332883752692 0.0010864383253976113 0.06600221800005361 0.07951560283794783 0.11566460690759849 0.536494220464673 1.361238498396688
238 2142 2.373640525111218e-07 1.376767042026126 0.0008340670062972928 0.0008340670062972928 0.0012139078519177492 0.06477865094637497 0.0792986307070316 0.11396637366374496 0.5330376597017129 1.376767042026126
239 2151 2.017781887672248e-07 1.363373934716311 0.0008189860646585464 0.0008189860646585464 0.0011597148208937324 0.06415627762496516 0.07778706540170392 0.11312775691510975 0.5169696010772062 1.363373934716311
240 2160 1.854575618656956e-07 1.3767921120186677 0.0008082296910932102 0.0008082296910932102 0.0011389743816096543 0.059666048880666483 0.076795126513804 0.11226405777773933 0.5054990834071925 1.3767921120186677
241 2169 1.7775338166085267e-07 1.3379473376797533 0.0007780338488472303 0.0007780338488472303 0.0010863738005598641 0.059798889362146196 0.07229342829613382 0.1154920524573702 0.5078934631202762 1.3379473376797533
242 2178 1.6455684154617753e-07 1.3901876653792542 0.0007763626996108565 0.0007763626996108565 0.0009954504942198553 0.05939071357168086 0.0730066208236995 0.11506990796053132 0.5100811903954342 1.3901876653792542
243 2187 1.6607399861032173e-07 1.3897797262131861 0.0007708354693790876 0.0007708354693790876 0.0009753782881880421 0.05997078335719695 0.06742331841822968 0.10955990740416205 0.5167685354453891 1.3897797262131861
244 2196 1.5963161242391575e-07 1.439413848601562 0.0008284897901597822 0.0008284897901597822 0.0009713258193882205 0.06046080458115888 0.06522625206497214 0.10678909279264324 0.4912877043501746 1.439413848601562
245 2205 1.5104221244393705e-07 1.5165148516829123 0.0008009391503987034 0.0008009391503987034 0.000977812347228664 0.05630686214549928 0.06397812310536648 0.10859558208086682 0.48506620762690167 1.5165148516829123
246 2214 1.46493952183893e-07 1.5772995109503205 0.0007693093327415132 0.0007693093327415132 0.0009739717763962433 0.054846206463970405 0.06395479657283763 0.1030101731251261 0.4706453773918504 1.5772995109503205
247 2223 1.3416342384418947e-07 1.5457249110806208 0.0008185987854767159 0.0008185987854767159 0.0009305293498027805 0.05257824758033146 0.06175699427702752 0.10442391536244841 0.4758941987862239 1.5457249110806208
248 2232 1.2011849199412387e-07 1.581248921910364 0.0008177228195867707 0.0008177228195867707 0.0009211028722544367 0.053105104087993536 0.05557773034432519 0.10232496080900531 0.47598934305201024 1.581248921910364
249 2241 1.0359227471567665e-07 1.5877615644645804 0.0007915414540223039 0.0007915414540223039 0.00088015635618259 0.05266495646805542 0.054240351779195804 0.10237901012487165 0.4585354845386374 1.5877615644645804
250 2250 9.190297245902172e-08 1.5805685093999042 0.000752049934585609 0.000752049934585609 0.0008598393304172973 0.04909528208757318 0.052401314190089955 0.1019561337001641 0.46498224285143436 1.5805685093999042
251 2259 8.284467998595674e-08 1.5409464008856244 0.0007197789805718093 0.0007197789805718093 0.0008689937691552667 0.049274959263187965 0.05122212974534963 0.09915676942369708 0.45952995274672537 1.5409464008856244
252 2268 7.989106663994836e-08 1.555397347458159 0.0007151531147737409 0.0007151531147737409 0.0008464665736191316 0.04853354132271132 0.05161883630706376 0.09456360554724376 0.4686894464960845 1.555397347458159
253 2277 7.0705533162565e-08 1.5145970123837216 0.0007153010053498134 0.0007153010053498134 0.0008288062518349882 0.04896212643891274 0.04953092342996103 0.09744022251817847 0.45802313556154356 1.5145970123837216
254 2286 6.81857607868448e-08 1.4945162382286565 0.0007113675570462893 0.0007113675570462893 0.0008386975806208351 0.04669584699479046 0.048032292504712186 0.09940401620874006 0.41561726572051466 1.4945162382286565
255 2295 6.528531771240377e-08 1.4966993804559077 0.0006577739304833405 0.0006577739304833405 0.0008349971438496376 0.04545598615130531 0.04783454040077721 0.1001691683033382 0.4170390380741216 1.4966993804559077
256 2304 6.524612737423134e-08 1.5435967130673436 0.0006390252757971541 0.0006390252757971541 0.000794027973547945 0.0442342915045067 0.047144837904044716 0.10182706847064392 0.4237856062275542 1.5435967130673436
257 2313 7.165169515301909e-08 1.6107929244495605 0.0006175298335596135 0.0006175298335596135 0.0007946327348683416 0.04270081143071835 0.04812280112810141 0.09896144632000342 0.41465197427152617 1.6107929244495605
258 2322 7.169459359687468e-08 1.5847544291256404 0.0006175101754909305 0.0006175101754909305 0.0007718491463422869 0.04275018649564246 0.04773069145621673 0.0965791261567101 0.4870098717007596 1.5847544291256404
259 2331 6.815321881771712e-08 1.508785494166015 0.0005830937311800729 0.0005830937311800729 0.0007527618767634621 0.04156312910418902 0.0478880503836487 0.09690254117769352 0.5167488045946467 1.508785494166015
260 2340 6.438586177556494e-08 1.4602597513440858 0.0005860774852650367 0.0005860774852650367 0.0007041517346031756 0.04190058474548242 0.04681200450154242 0.09582752908305224 0.5170794883193732 1.4602597513440858
261 2349 5.5704872553333306e-08 1.438840245846779 0.0006188996773767799 0.0006188996773767799 0.0007109124423376809 0.04015326506023791 0.046190203428124486 0.0904949899607048 0.5152360447600498 1.438840245846779
262 2358 5.341398002931578e-08 1.460114549097775 0.0006183866998280326 0.0006183866998280326 0.0007099270134162403 0.03877080942409458 0.04503671463468489 0.08742617704928804 0.5237243627613427 1.460114549097775
263 2367 4.842348771629161e-08 1.5119336542979545 0.000616389622369928 0.000616389622369928 0.00067208562819944 0.03845979706954919 0.04436355167801549 0.08727717911354667 0.5024505242116047 1.5119336542979545
264 2376 4.4584865311597314e-08 1.410142106792729 0.000573218939596321 0.000573218939596321 0.0006731278887364373 0.037989556364401635 0.0446060154036276 0.08710286121659849 0.5027396298938551 1.410142106792729
265 2385 4.5885088808338304e-08 1.4021141523694962 0.0005437115574999119 0.0005437115574999119 0.0006811543672561254 0.03812552754509624 0.043918949871133796 0.08550859384948865 0.49425671107057895 1.4021141523694962
266 2394 4.285650845772815e-08 1.5984862693839055 0.000526173796889496 0.000526173796889496 0.0006517401543651069 0.03704104089927879 0.04371515303248333 0.08531731389272036 0.4758832360231333 1.5984862693839055
267 2403 4.117958922890968e-08 1.5197237678609592 0.000530111395142292 0.000530111395142292 0.0006218431583328022 0.03508368927200266 0.04418364562686972 0.08463469545590553 0.48618817845409656 1.5197237678609592
268 2412 3.649423097620852e-08 1.5657640049060255 0.0005134552049169883 0.0005134552049169883 0.0005912762688908258 0.03391549363763751 0.04312944480081791 0.0858792351263222 0.4783730153841309 1.5657640049060255
269 2421 3.293229939110491e-08 1.5502727184593628 0.000508147733271344 0.000508147733271344 0.0005647728988777337 0.033300920574268526 0.04307734233445555 0.0834805913606245 0.46861556470646265 1.5502727184593628
270 2430 3.3107419303396016e-08 1.4755654125671587 0.0004816179374854554 0.0004816179374854554 0.000564406616769678 0.03362020550433273 0.04316647356022152 0.08467057021478595 0.4692305480261392 1.4755654125671587
271 2439 3.195550830724074e-08 1.4405609439859572 0.0004980773337968325 0.0004980773337968325 0.0005648384633879884 0.032740293839291924 0.043137064387277775 0.08196186638975249 0.47198260436713096 1.4405609439859572
272 2448 3.4551597799903833e-08 1.4594295977635428 0.0004835715512104726 0.0004835715512104726 0.0005615871728188813 0.03308640603894159 0.04202993803759297 0.07761439794842692 0.4682674452106919 1.4594295977635428
273 2457 3.7260379703641674e-08 1.4291554401521571 0.00048183470262248493 0.00048183470262248493 0.0005709031253359392 0.03325922275965325 0.043716434476802096 0.0747956511222067 0.46622282267491616 1.4291554401521571
274 2466 3.4225320499861624e-08 1.4388957686741068 0.00047053570644296354 0.00047053570644296354 0.0005614484694945421 0.034169079136426174 0.04414540127824341 0.07365053297821375 0.4545121564212448 1.4388957686741068
275 2475 3.1277512069191296e-08 1.3757064024162464 0.0004589679272006305 0.0004589679272006305 0.0005430265666015823 0.03433637894489493 0.0453008866244911 0.07458896980917261 0.4680353698252747 1.3757064024162464
276 2484 2.8787921725763807e-08 1.3802114574196997 0.000451018707926973 0.000451018707926973 0.0005284227347466129 0.032851128849115535 0.0452176079544974 0.07723043780783646 0.46405009499722255 1.3802114574196997
277 2493 2.9037516799903044e-08 1.375818689512675 0.00043959871753009933 0.00043959871753009933 0.0005163794678947615 0.032224600547632085 0.044184953173496626 0.07592499108540204 0.44606139177464543 1.375818689512675
278 2502 2.6472589323252015e-08 1.4666771543589499 0.00043024399601957424 0.00043024399601957424 0.0005224481016006588 0.03154090139581187 0.043113305688332736 0.07547559317429632 0.44308962813280167 1.4666771543589499
279 2511 2.4411003186145417e-08 1.489069273441957 0.00041859293065122104 0.00041859293065122104 0.000511057476297472 0.030903808060783456 0.041494646418065204 0.07340887433962812 0.4430078017846739 1.489069273441957
280 2520 2.3202241782814902e-08 1.5104055658412159 0.0004146031912222818 0.0004146031912222818 0.0005068007317345665 0.030400756809900696 0.0398100339568044 0.06919921415428507 0.4425513961272503 1.5104055658412159
281 2529 2.051614433810807e-08 1.3946347679785 0.00041833875319500233 0.00041833875319500233 0.0005000303725820264 0.03004262760677084 0.039547701250897314 0.06958679985158019 0.4576450304516417 1.3946347679785
282 2538 1.883236503201709e-08 1.3984478408633154 0.00040810850762789254 0.00040810850762789254 0.00045883741142099663 0.0297431244377899 0.03866991016690106 0.07063017468757123 0.4461719034029313 1.3984478408633154
283 2547 1.8169354143765588e-08 1.40647102290599 0.00038465238488011533 0.00038465238488011533 0.0004597794410066715 0.030226520112894714 0.03891338777156869 0.06886264365796131 0.424614686275176 1.40647102290599
284 2556 1.7432242962780378e-08 1.298908369127057 0.0003855228521733926 0.0003855228521733926 0.000447041127970219 0.029859247843665688 0.03850490879419187 0.06875341289386382 0.43459753605607343 1.298908369127057
285 2565 1.597257264903844e-08 1.2519042820559734 0.00037684701730395854 0.00037684701730395854 0.0004478217715681533 0.02953952532510098 0.03825378008717627 0.06781238099922034 0.4278644304689426 1.2519042820559734
286 2574 1.4298144401741983e-08 1.2363971123962523 0.00036156903746043765 0.00036156903746043765 0.00044763799474724396 0.02952663772755137 0.03741274249623707 0.06689649432400945 0.42819902106299107 1.2363971123962523
287 2583 1.3141153692330566e-08 1.2190878127627771 0.00035214525088831083 0.00035214525088831083 0.00044718542708959655 0.027339645267629345 0.037739680816946564 0.06488349846887405 0.42618880497352574 1.2190878127627771
288 2592 1.2173504151426692e-08 1.234617617234262 0.0003557616469361961 0.0003557616469361961 0.00043261353081663147 0.027107245671788887 0.03529753062433337 0.06300879783263955 0.42479908672611033 1.234617617234262
289 2601 1.3173450257769005e-08 1.2509409068993842 0.00035217368602714135 0.00035217368602714135 0.0004222804249565543 0.025858974278738685 0.03399399107718562 0.062456531043584305 0.4280624372074599 1.2509409068993842
290 2610 1.4705004094294662e-08 1.3106557738444709 0.0003418729983868738 0.0003418729983868738 0.00041728632020300214 0.02712013911291684 0.033895046172173635 0.05910347162185034 0.42305478459913426 1.3106557738444709
291 2619 1.476063082100962e-08 1.3990054450826144 0.00033658228699860385 0.00033658228699860385 0.00041012318697484894 0.02698584301082311 0.03470710983943099 0.05767571944664068 0.43348350919294737 1.3990054450826144
292 2628 1.4466932356898606e-08 1.3982341464557877 0.0003254237471639657 0.0003254237471639657 0.00040219577618657936 0.025969455454534968 0.03397128206346972 0.06158172657675281 0.4226227821648302 1.3982341464557877
293 2637 1.5062762351326014e-08 1.420286216618402 0.0003243043822903865 0.0003243043822903865 0.0003931076774661904 0.025944190882676795 0.033193583321076685 0.05997058435574372 0.42523652957851465 1.420286216618402
294 2646 1.383037674164296e-08 1.3356671310733759 0.0003161398099851583 0.0003161398099851583 0.0004014804842845752 0.024866141565011025 0.033406839268288725 0.06049982190644109 0.460859941751469 1.3356671310733759
295 2655 1.3563875210677217e-08 1.311584461262241 0.0003100850771225723 0.0003100850771225723 0.00040142125160953004 0.02386334454725 0.03273671053589234 0.06044655668971078 0.4480952537308214 1.311584461262241
296 2664 1.2216975622866602e-08 1.3070375391549778 0.0003026308727773708 0.0003026308727773708 0.00039926994097244856 0.02340420109507387 0.03311596358509815 0.05764737449782188 0.45044285061282485 1.3070375391549778
297 2673 1.1776266985948258e-08 1.2535105140185845 0.0002838176670664188 0.0002838176670664188 0.0003882365349012869 0.023272538996005798 0.032527529590988494 0.05724431415669466 0.4548755608733312 1.2535105140185845
298 2682 1.1606185563560966e-08 1.1750593780411467 0.0002845521531279019 0.0002845521531279019 0.0003817404638678604 0.023344886696277923 0.03133569224347495 0.05991626041951967 0.4452503025332734 1.1750593780411467
299 2691 1.1300632565145579e-08 1.1712172468003812 0.0002825636944235822 0.0002825636944235822 0.00036797988725557657 0.023126769449063125 0.031841303752975766 0.05656193447341758 0.43898306158805034 1.1712172468003812
300 2700 1.063652647545099e-08 1.1900834857032068 0.0002765036277980794 0.0002765036277980794 0.0003616404865680627 0.022573720567781484 0.0308429482407182 0.05703943252621487 0.42888611968893503 1.1900834857032068
301 2709 1.0966669976360712e-08 1.2539987293143364 0.00027619869483374774 0.00027619869483374774 0.00035710724995164674 0.02265100531221678 0.028758721994917563 0.055946362529119824 0.42487726251257274 1.2539987293143364
302 2718 1.0729299492200586e-08 1.2392606366478645 0.0002749339272032872 0.0002749339272032872 0.00035117286840641646 0.023065055683333106 0.028684014568808237 0.05569253644779141 0.43162802022669605 1.2392606366478645
303 2727 1.0837999055930158e-08 1.1964669203000624 0.0002706020573528583 0.0002706020573528583 0.0003483066335686722 0.023384760437644717 0.029046450247743744 0.05238803564877222 0.43901478015042356 1.1964669203000624
304 2736 1.0318013566432092e-08 1.2049508506330722 0.00026933415603075633 0.00026933415603075633 0.0003504919988282946 0.023301187089778304 0.02951961995635863 0.05125754712979942 0.4289742955638033 1.2049508506330722
305 2745 1.0055566893343312e-08 1.2303349045973053 0.0002746551830680578 0.0002746551830680578 0.0003407287866198076 0.022701828001727275 0.027900841273506186 0.05079991991347593 0.42222727159556184 1.2303349045973053
306 2754 9.016322703056548e-09 1.2257260071135045 0.0002586597406130207 0.0002586597406130207 0.0003306744090105152 0.022856819658515035 0.028454773909780393 0.052371843180964835 0.42835782174880455 1.2257260071135045
307 2763 8.753886552322213e-09 1.2062774941480436 0.00025208835636065797 0.00025208835636065797 0.0003277726650218831 0.022844090330477768 0.027398684347883243 0.052346813993028596 0.43335443734264095 1.2062774941480436
308 2772 8.537492268364162e-09 1.1773714555002184 0.0002591629168207619 0.0002591629168207619 0.0003204830258853702 0.023443684123373425 0.02592472015184466 0.05234732880449576 0.4342046535948466 1.1773714555002184
309 2781 7.669820700554295e-09 1.1276829643192872 0.0002507435905881728 0.0002507435905881728 0.0003145515904858376 0.024066641281451 0.02524291405532386 0.05372013967691357 0.43199897716378055 1.1276829643192872
310 2790 6.781502608706893e-09 1.1364715021640148 0.0002275380845206857 0.0002275380845206857 0.00030842389045422007 0.024104227224841592 0.025454062884242235 0.05396608717807492 0.42464556720570357 1.1364715021640148
311 2799 6.5488265522209665e-09 1.132836448357657 0.00021861051789570697 0.00021861051789570697 0.00030785368458959424 0.023263727420267926 0.025321319504061846 0.05117778942623479 0.42487402529588314 1.132836448357657
312 2808 6.1373423353471636e-09 1.118583873241522 0.00021697487293780552 0.00021697487293780552 0.00030535544938089403 0.02289472534606451 0.02533591737058858 0.05096501011509202 0.42668934023243926 1.118583873241522
313 2817 5.667788351482565e-09 1.105762003538661 0.0002129652186143608 0.0002129652186143608 0.0002922875796565681 0.02237373936793352 0.025975969920015822 0.05095861797264284 0.4169967371514738 1.105762003538661
314 2826 5.547119418103718e-09 1.127014118162581 0.00021345107335488879 0.00021345107335488879 0.00028652868286283386 0.02228609100782407 0.02485105164470677 0.050056215595356675 0.41702488446518066 1.127014118162581
315 2835 5.065288038404798e-09 1.091442570490966 0.00021452631822280213 0.00021452631822280213 0.0002775819482778655 0.021285386426170682 0.02483569556459764 0.05102342502621781 0.4260985416632144 1.091442570490966
316 2844 5.000530570103639e-09 1.094741779513143 0.00021799777338150157 0.00021799777338150157 0.0002714192702708849 0.021325660266965092 0.02377906489726739 0.049567148859269466 0.41277613417092773 1.094741779513143
317 2853 4.753672194259902e-09 1.0303865713874951 0.00021245907013471191 0.00021245907013471191 0.0002723320866034589 0.021350648227774036 0.02289526154119729 0.051314759988764724 0.43225374746695827 1.0303865713874951
318 2862 4.5206167507303035e-09 1.0179174141256042 0.00021468643455340973 0.00021468643455340973 0.00027175849368286974 0.021058847301105504 0.022916457674368958 0.04973209413425633 0.43121383738907565 1.0179174141256042
319 2871 3.905664205356854e-09 1.0142188082091694 0.00021401210606012072 0.00021401210606012072 0.00026939110117137207 0.02053234611092759 0.023559567773806443 0.0475193177318491 0.42448831685526556 1.0142188082091694
320 2880 3.748629422786958e-09 1.0123611119206861 0.00020842783271412632 0.00020842783271412632 0.00025116392473259046 0.020260162727962217 0.023036169682141568 0.04653269150589736 0.42150407244496146 1.0123611119206861
321 2889 3.410879665207754e-09 1.040991687418422 0.00019812737421973488 0.00019812737421973488 0.00025237601591114107 0.01894231043602164 0.022888917006126632 0.048784014675432405 0.4174279587091414 1.040991687418422
322 2898 3.0156154446239987e-09 1.0140350709088777 0.00019898077339360336 0.00019898077339360336 0.0002470669124170038 0.019166933857556995 0.022127291418627792 0.048468013494121796 0.4044983030219789 1.0140350709088777
323 2907 2.733766514985848e-09 1.012976793524022 0.00019845656101546798 0.00019845656101546798 0.0002432026247501574 0.017525447494308136 0.022296909483685488 0.048831851451579866 0.39628375436003876 1.012976793524022
324 2916 2.6434957574719193e-09 0.9997446246393916 0.00019631904825374635 0.00019631904825374635 0.0002417376927973734 0.017472584188716084 0.021467123820885083 0.048104166622148774 0.3991504777361334 0.9997446246393916
325 2925 2.4025345703467345e-09 0.9660410033270561 0.00019754095484966037 0.00019754095484966037 0.0002350986404101856 0.017768110612512874 0.021257949251160913 0.045849489224745944 0.40521940701312825 0.9660410033270561
326 2934 2.3541993569716984e-09 0.9888734497815164 0.00018641961698508133 0.00018641961698508133 0.00023191950645548944 0.017751622923652302 0.021103572662572963 0.0436377271037742 0.3985898175627194 0.9888734497815164
327 2943 2.2892575254813352e-09 1.0397968576104493 0.00018149675906872136 0.00018149675906872136 0.00021787851534879753 0.017419410403492736 0.021332151857368965 0.04398489124654747 0.40565212418907753 1.0397968576104493
328 2952 2.1139101632541964e-09 1.0635618642813551 0.00018374433897250426 0.00018374433897250426 0.0002136434043716345 0.016934578926381897 0.021606295801975185 0.0431861520950505 0.38217733301082896 1.0635618642813551
329 2961 1.8298804303498074e-09 0.9849725390766249 0.00018719844253566723 0.00018719844253566723 0.0002105412092505074 0.016484659390501085 0.021407441941037778 0.04342567429178818 0.3826440585990984 0.9849725390766249
330 2970 1.6482583534201618e-09 0.9036991007785979 0.00018589481357916124 0.00018589481357916124 0.00020740492825074074 0.01604432108325427 0.020944566323975185 0.042743143215602415 0.38050644203261064 0.9036991007785979
331 2979 1.6097326068636736e-09 0.88178246239864 0.00018374765661221631 0.00018374765661221631 0.0001997744031510762 0.015427035139330737 0.02160779487368777 0.042143948740353876 0.3708934968140199 0.88178246239864
332 2988 1.5265818404519155e-09 0.8758411241157369 0.00018327660964471816 0.00018327660964471816 0.00020073954288092705 0.01504950552006255 0.021261371657376554 0.043886201419756556 0.35557769687544444 0.8758411241157369
333 2997 1.3966790241789143e-09 0.8824203874853601 0.00018159784356407447 0.00018159784356407447 0.00020090165877298434 0.014625815556591908 0.019902696285571304 0.04314492750460397 0.3492396687983067 0.8824203874853601
334 3006 1.4806435978939257e-09 0.8958649048520425 0.00018044347672410566 0.00018044347672410566 0.0002021679337806333 0.01401139492063767 0.01983049930554882 0.04035398793570362 0.35051155384212845 0.8958649048520425
335 3015 1.401792641578534e-09 0.8674294897672187 0.0001967315637111563 0.0001967315637111563 0.00020180651025339527 0.013880474867186054 0.019867534009052414 0.041311655057065834 0.3498201507679937 0.8674294897672187
336 3024 1.3512077458631333e-09 0.8719221743322596 0.0001894372695343804 0.0001894372695343804 0.00020331539469601654 0.014184946216172726 0.01963081297502638 0.03951705045789121 0.3436729025976609 0.8719221743322596
337 3033 1.3429435412780761e-09 0.8755856004062186 0.0001884168749366291 0.0001884168749366291 0.00019713211718293247 0.014158076357023265 0.019601507209031383 0.03797155831814214 0.3324872978411782 0.8755856004062186
338 3042 1.279111818935611e-09 0.8812797809805897 0.0001843586001794817 0.0001843586001794817 0.00019667746064246005 0.014278394133302025 0.019339544673114772 0.03768390516436101 0.32552948344691207 0.8812797809805897
339 3051 1.184277912744537e-09 0.8628818507206505 0.0001834958024949518 0.0001834958024949518 0.00019486305134983477 0.014403361228060225 0.018541849852239313 0.03635784179050099 0.32545674704744204 0.8628818507206505
340 3060 1.0460943811303306e-09 0.809792429639407 0.00018019720093828207 0.00018019720093828207 0.00019765211276598333 0.014633245504774984 0.01805927706386967 0.0359955810795883 0.3175778107829716 0.809792429639407
341 3069 1.0420339237071355e-09 0.8133753400786462 0.00017742763531403846 0.00017742763531403846 0.00018425634244913978 0.014381746129146793 0.017993566276072945 0.03520932614870581 0.31008865054229645 0.8133753400786462
342 3078 1.0898857329414276e-09 0.8206283731343543 0.00017638658268486152 0.00017638658268486152 0.00018220497140248982 0.014358676063197406 0.017461374118183347 0.034942199085873905 0.3118770651565566 0.8206283731343543
343 3087 1.200735185618996e-09 0.8019220029633999 0.00017552077951535298 0.00017552077951535298 0.00018099592801183994 0.014402379171389479 0.017449505101626194 0.03443074598103483 0.32554314369976095 0.8019220029633999
344 3096 1.3522152517087906e-09 0.8121401153925415 0.00016783611333436979 0.00016783611333436979 0.0001882352306852272 0.014378229486289454 0.017189614474192833 0.034907684955012855 0.3236344519454674 0.8121401153925415
345 3105 1.3531665854696574e-09 0.8108594018774072 0.00016250605313728367 0.00016250605313728367 0.00019883317668779163 0.01360801470039709 0.017173466213322636 0.03546760452453794 0.3213618418516772 0.8108594018774072
346 3114 1.33468204452401e-09 0.7985538921047253 0.00016685692505200193 0.00016685692505200193 0.00019629990680611705 0.013308217280370913 0.017097843675836152 0.034286398753126286 0.3266015373236056 0.7985538921047253
347 3123 1.4339990361982569e-09 0.8010620852112023 0.00017094602542285504 0.00017094602542285504 0.0001965090325733592 0.013140958009565174 0.016587593258219818 0.033531547179640395 0.3169451473184825 0.8010620852112023
348 3132 1.3940659831272804e-09 0.7872450529604034 0.0001762779112128069 0.0001762779112128069 0.00019900720672674086 0.013059810997047698 0.015869166010331597 0.03390885240903901 0.32634662498225864 0.7872450529604034
349 3141 1.429896160255453e-09 0.7571318504712024 0.00017556156699615749 0.00017556156699615749 0.0002064907932283785 0.012646498993411175 0.015402261630522619 0.034115319381688894 0.32594795382190334 0.7571318504712024
350 3150 1.4126908625286598e-09 0.7961022245105499 0.00016696459376799308 0.00016696459376799308 0.00020167565513088794 0.012508622127854257 0.015347107296912339 0.03319485622170596 0.3233036771219468 0.7961022245105499
351 3159 1.4098348997399828e-09 0.8095636177177022 0.00016810857713066272 0.00016810857713066272 0.0001959471321912434 0.012613430847251795 0.014854037138597153 0.032613062120208564 0.3199906436132992 0.8095636177177022
352 3168 1.394434208123558e-09 0.8016694178889234 0.00016694636213783365 0.00016694636213783365 0.0001884529174563388 0.012840711539557511 0.014643834721643455 0.032118999486444956 0.3175934033396648 0.8016694178889234
353 3177 1.301213943040061e-09 0.7903351475040409 0.0001632394195554255 0.0001632394195554255 0.00018969866802989266 0.013003196760924046 0.0143591246325149 0.030809024744745686 0.3089188445824128 0.7903351475040409
354 3186 1.146928893552234e-09 0.7946576499244146 0.00015922800226311252 0.00015922800226311252 0.00019200423578928953 0.012677733200741765 0.013305323926709285 0.030502679973789977 0.30552206232382256 0.7946576499244146
355 3195 1.2135986720807e-09 0.7819487719622843 0.00016135598229985172 0.00016135598229985172 0.00018609772158069388 0.012376524766911914 0.01309281829594091 0.030646933374444366 0.303626795141583 0.7819487719622843
356 3204 1.1844392898082914e-09 0.7725964349224722 0.0001683601842042138 0.0001683601842042138 0.00018402558915650696 0.012126664931513731 0.01294772977715899 0.03116793373985071 0.3201403394348396 0.7725964349224722
357 3213 1.172767194519472e-09 0.772624214860136 0.00016822857360326005 0.00016822857360326005 0.00018578443734653904 0.012111740112205394 0.012193935035560766 0.031495608819974645 0.3126204608663569 0.772624214860136
358 3222 1.0343264691943698e-09 0.7508318400779808 0.0001616308892845695 0.0001616308892845695 0.00019556387858883599 0.011713235144789563 0.01227540502889305 0.030444985566758117 0.3157746394205256 0.7508318400779808
359 3231 9.82693994622136e-10 0.783128877097692 0.00015933733659589852 0.00015933733659589852 0.00019280160440293489 0.011635030739061606 0.012034151170011671 0.02927072703870323 0.31506876258285466 0.783128877097692
360 3240 8.918169168361008e-10 0.7743520777261385 0.00015512011015493828 0.00015512011015493828 0.00019305853589772736 0.011469005754034195 0.011811241580202636 0.029229321980189564 0.31275897317132034 0.7743520777261385
361 3249 8.999986210910724e-10 0.7419025495188093 0.00015004988434780882 0.00015004988434780882 0.00018611443796598433 0.011424653545469253 0.011811113381336958 0.030297371054153668 0.31023187045120004 0.7419025495188093
362 3258 8.480027430201867e-10 0.755454134158039 0.0001468698294434114 0.0001468698294434114 0.00018762380643151793 0.011377268427886713 0.012858791211557639 0.029163059760076743 0.29218552590111435 0.755454134158039
363 3267 8.008104292980982e-10 0.7325775921604198 0.00013984681676038275 0.00013984681676038275 0.0001866353118776208 0.010974689511928813 0.012976933174472235 0.029468209960451734 0.30158595567122193 0.7325775921604198
364 3276 8.766523418447572e-10 0.7335350850769854 0.0001397641236137408 0.0001397641236137408 0.00017760024659097074 0.010867981343256273 0.01302710558742507 0.02873832601369187 0.2979513283883899 0.7335350850769854
365 3285 8.3228833597018e-10 0.7903631785204013 0.00013525593285473262 0.00013525593285473262 0.00017418213737873482 0.010304709540585901 0.013188606704102157 0.029014666810990117 0.29532928509673684 0.7903631785204013
366 3294 7.284613984286783e-10 0.780851653561224 0.00013015778345962966 0.00013015778345962966 0.00016614635884510618 0.010831844595671379 0.013112370656622522 0.02863319838279187 0.295743859658275 0.780851653561224
367 3303 7.525519210695608e-10 0.7738045097022722 0.00012782104456335742 0.00012782104456335742 0.0001621980443708009 0.010818854859932085 0.012866295262990038 0.028388593337159464 0.29172540189817736 0.7738045097022722
368 3312 7.789134983451418e-10 0.7288891903154776 0.00012796132780258662 0.00012796132780258662 0.00016509211628121405 0.010243284036972526 0.013089546437880259 0.027290654591943863 0.3222291478492454 0.7288891903154776
369 3321 7.11672868208129e-10 0.7031672988980873 0.00012721486919224138 0.00012721486919224138 0.00016424699635954736 0.010178923336801673 0.012733987100848332 0.025905997418359476 0.34187152025289375 0.7031672988980873
370 3330 6.672238538143874e-10 0.6777487864678194 0.00013271870420662177 0.00013271870420662177 0.00015430401690583545 0.009855986345245262 0.012624578664826346 0.02582380693607283 0.3384694867061525 0.6777487864678194
371 3339 6.949992263023259e-10 0.6548586674193245 0.00013047138946620847 0.00013047138946620847 0.00015489907480241324 0.009504149180262404 0.012280830072594145 0.026437268360769914 0.3404241465726383 0.6548586674193245
372 3348 6.479355549243424e-10 0.6656232739755157 0.00013014610879712402 0.00013014610879712402 0.0001497237656255285 0.010092717754293067 0.013106270317526142 0.02585265927841747 0.3206335931293847 0.6656232739755157
373 3357 5.875875451919354e-10 0.67269030898356 0.00012720745229008129 0.00012720745229008129 0.0001469422731234638 0.009995516652056223 0.012909740181970442 0.02572155124324724 0.32102198442916047 0.67269030898356
374 3366 6.316534385648185e-10 0.6937476392162801 0.00012544500206130324 0.00012544500206130324 0.0001496694598745589 0.009375507965949067 0.012895176710523683 0.026086230021149872 0.3236651734242857 0.6937476392162801
375 3375 6.58611006920623e-10 0.7010890858162324 0.00012932389579616184 0.00012932389579616184 0.00014916615187335103 0.009119456037692923 0.012522072973208374 0.02806524923396321 0.325917485676845 0.7010890858162324
376 3384 5.897108938815301e-10 0.6643319815592642 0.00012896285704155645 0.00012896285704155645 0.0001454722070142418 0.009181980608056068 0.012983207051849056 0.02985626437288391 0.313754725827939 0.6643319815592642
377 3393 6.345579113722738e-10 0.641237702447612 0.00012837148238118305 0.00012837148238118305 0.00014059085942444 0.009020605478836131 0.012644680023033553 0.030096265060840836 0.31675086583499046 0.641237702447612
378 3402 6.445427085769136e-10 0.7205806838181255 0.00012353618166892236 0.00012353618166892236 0.00013738554634738597 0.00895082297660117 0.013179463488460408 0.02965444878246758 0.30665308166324207 0.7205806838181255
379 3411 6.039843268432065e-10 0.7031283518033976 0.00011746546972537206 0.00011746546972537206 0.00014044969952327086 0.008577364856785206 0.012959550018153253 0.030549008569424954 0.30061831012971163 0.7031283518033976
380 3420 5.643629916643128e-10 0.7099192595533138 0.00011797831368080514 0.00011797831368080514 0.00013434451888142643 0.008537232693733413 0.012898946969874904 0.030831795502068562 0.28300866653037376 0.7099192595533138
381 3429 4.949989611858792e-10 0.6805906643066171 0.0001162759500492302 0.0001162759500492302 0.00013648176464115726 0.008652400633438062 0.012196551097142603 0.030756591577055795 0.28590062542268235 0.6805906643066171
382 3438 5.215129575460621e-10 0.708282102870129 0.00011425584318144727 0.00011425584318144727 0.00012298788404785399 0.00853878712443786 0.01239220710124897 0.03037015806990487 0.27723010271444254 0.708282102870129
383 3447 5.455217179313286e-10 0.7345241214045243 0.00011074982582933583 0.00011074982582933583 0.0001247937667680287 0.008336602471979216 0.01248614686114387 0.03084838557153151 0.272254754432146 0.7345241214045243
384 3456 5.334104515431255e-10 0.7322158703259171 0.00011084340168496422 0.00011084340168496422 0.00012622597755194243 0.008132820069224729 0.012248935386713278 0.03087585612231363 0.27072873973896766 0.7322158703259171
385 3465 4.900208101094135e-10 0.7001403821598875 0.0001089401144726775 0.0001089401144726775 0.00012403250950252396 0.007896621958778457 0.012704439289669757 0.029666532020371058 0.2768639155016568 0.7001403821598875
386 3474 4.954582951052312e-10 0.698636844730047 0.00010746572776168596 0.00010746572776168596 0.00012561790679646757 0.007613403650678946 0.012442251254772578 0.02685892774610394 0.2767401455812736 0.698636844730047
387 3483 5.465594517942012e-10 0.6893254273542084 0.00010336557894876314 0.00010336557894876314 0.00012023720214574865 0.008121221408651355 0.012493031320761787 0.025886134026363333 0.27790103884703776 0.6893254273542084
388 3492 5.089939722570404e-10 0.6780668104606934 0.00011227880836951342 0.00011227880836951342 0.00011670299265611332 0.008512632458277821 0.011883545036694886 0.025539450559402675 0.2790220991728767 0.6780668104606934
389 3501 5.748831336182596e-10 0.6452136967306363 0.00010939690628803603 0.00010939690628803603 0.00011556660835286159 0.008285669978558419 0.011898275323781557 0.025250052212796352 0.28253752176933106 0.6452136967306363
390 3510 5.997352668285951e-10 0.6117903543216744 0.00010977095015796336 0.00010977095015796336 0.00012214806584185506 0.00818636038655365 0.011926496058135786 0.025297727935562873 0.28216946082080563 0.6117903543216744
391 3519 6.122591380560469e-10 0.5896448820446727 0.00011010751349087803 0.00011010751349087803 0.0001197345609271545 0.00795237309729257 0.011702955835164428 0.025267767693324606 0.28439292375252134 0.5896448820446727
392 3528 6.276999446397191e-10 0.5965560508300451 0.0001055169530925031 0.0001055169530925031 0.00011662653814069153 0.00816497182780482 0.011685552563656524 0.025117490202157203 0.28256825925454626 0.5965560508300451
393 3537 5.637575149603069e-10 0.582178976036792 0.00010470239539004311 0.00010470239539004311 0.00011629438333536837 0.008132156536447836 0.011628876161978363 0.024271052066729956 0.2801778533816575 0.582178976036792
394 3546 5.741983085350247e-10 0.5627030918653646 0.00010253039189953975 0.00010253039189953975 0.00011576987787996544 0.00788141601329295 0.011040084489960978 0.02364629162714782 0.2738027786544689 0.5627030918653646
395 3555 6.182197965347771e-10 0.5556146985943582 9.984174515541014e-05 9.984174515541014e-05 0.00011469202230695153 0.008240243664787723 0.01098609046470106 0.02321092265825904 0.26674976944942996 0.5556146985943582
396 3564 5.964422089802964e-10 0.5946188981236417 0.00010031937775196457 0.00010031937775196457 0.00011324854024931836 0.008286285497651166 0.010861821474706027 0.0230395801709323 0.2546200504080541 0.5946188981236417
397 3573 7.182700618349685e-10 0.6011405107012419 9.854416401140763e-05 9.854416401140763e-05 0.00011066170680286193 0.007529339748695463 0.010918477801228722 0.02300551692179813 0.25413686205965574 0.6011405107012419
398 3582 7.976657690028236e-10 0.6320804723142348 9.368428859758338e-05 9.368428859758338e-05 0.00010680887778233376 0.007236717611117196 0.01118363168885824 0.024145434254605753 0.25904935636421605 0.6320804723142348
399 3591 9.05960271858741e-10 0.6061160050324147 9.485292012184375e-05 9.485292012184375e-05 0.00010537791469116997 0.007207381720509973 0.010809689099865787 0.023198240243367876 0.2533770314777675 0.6061160050324147
400 3600 1.007042639475034e-09 0.5907493879746194 9.684215020978765e-05 9.684215020978765e-05 0.0001032041008521015 0.007290705871113771 0.01086236001325269 0.022276050613810112 0.26723080192544585 0.5907493879746194
401 3609 1.0170180094311083e-09 0.5983441206913326 9.646670511973423e-05 9.646670511973423e-05 0.00010212326917928845 0.006751855778642753 0.010801997312373824 0.02140183305202521 0.30062045510872026 0.5983441206913326
402 3618 9.283989329996036e-10 0.6073069620659076 8.942842900692891e-05 8.942842900692891e-05 0.0001010470022819484 0.006690472360541606 0.010497660598510126 0.02132393883337322 0.29614288663587646 0.6073069620659076
403 3627 8.209472195964427e-10 0.5938848807387344 8.897725154247833e-05 8.897725154247833e-05 0.00010684046140212546 0.0065496249100030724 0.009862600637858265 0.021380914192958993 0.2869937282174933 0.5938848807387344
404 3636 8.298563827165575e-10 0.6134495251452263 8.890791517733814e-05 8.890791517733814e-05 0.00010758742427178914 0.006365957398813386 0.009761626106682998 0.020863734994902135 0.2817900437147207 0.6134495251452263
405 3645 7.629965215305149e-10 0.6106428700984987 9.744649821452518e-05 9.744649821452518e-05 0.00010556080718167798 0.00611820373748819 0.009438403673808304 0.020842086224246815 0.2782874152404355 0.6106428700984987
406 3654 7.527721431906808e-10 0.6048157703201977 0.00010038443960394707 0.00010038443960394707 0.00010361765445714268 0.005529702589961335 0.009420650430984341 0.020533464652639805 0.2768179143143331 0.6048157703201977
407 3663 7.110544464317105e-10 0.6512678092416392 9.153741897770712e-05 9.153741897770712e-05 0.00010209979515563577 0.005675351849968777 0.009362961663577708 0.020217444238614452 0.2690145068610587 0.6512678092416392
408 3672 7.350145526348524e-10 0.6565426354561619 9.100179582171571e-05 9.100179582171571e-05 0.00010106381217746632 0.00537641458625034 0.00892151824684305 0.020264812812228677 0.26251936106164553 0.6565426354561619
409 3681 7.077930990481975e-10 0.671418849254429 8.939096116018234e-05 8.939096116018234e-05 0.00010024079814987268 0.005563812493766146 0.008798610706652697 0.019035326910832068 0.26021346676162543 0.671418849254429
410 3690 7.000478200754182e-10 0.654064915379646 8.891469656860153e-05 8.891469656860153e-05 0.00010415006851234576 0.005404746430865599 0.008515025929043539 0.018619172404321777 0.2552119486621249 0.654064915379646
411 3699 6.42085697394952e-10 0.6555030935055742 8.967307704410991e-05 8.967307704410991e-05 0.00010500600844454635 0.005170027354556983 0.008600838214626393 0.018135058968766916 0.24569285493590196 0.6555030935055742
412 3708 5.378331884573161e-10 0.6482656009625943 8.763210243588119e-05 8.763210243588119e-05 0.00010367747553708297 0.004996380150558289 0.008414177215021764 0.018161290954290192 0.24172325520012827 0.6482656009625943
413 3717 5.048409642700797e-10 0.6543324349623845 8.675992719569122e-05 8.675992719569122e-05 0.00010313200803620395 0.0048877158899128925 0.00804181356579201 0.01667936052961741 0.24102674843157407 0.6543324349623845
414 3726 4.956687065280672e-10 0.6572126850457588 8.686986542644573e-05 8.686986542644573e-05 9.861361662461617e-05 0.00484168878514812 0.007921682544879178 0.01641611545340044 0.24040162456667052 0.6572126850457588
415 3735 4.989264877146189e-10 0.6391050261959704 8.873832651962463e-05 8.873832651962463e-05 9.939554821637482e-05 0.004586208132929104 0.007731522155887854 0.016766211726164992 0.24733939474170458 0.6391050261959704
416 3744 5.073884508956644e-10 0.6423941822550957 8.597090840048174e-05 8.597090840048174e-05 0.0001000657135791236 0.0042965379489626025 0.008166969135402533 0.01682827894588914 0.24440256004815886 0.6423941822550957
417 3753 4.408563279611271e-10 0.6485572027857536 7.95197820295359e-05 7.95197820295359e-05 0.00010122893477384882 0.004681630206196371 0.008166666558079355 0.016225243921638047 0.24869083109465032 0.6485572027857536
418 3762 4.117862248314181e-10 0.6489855022819522 7.855669744205063e-05 7.855669744205063e-05 9.627106333695261e-05 0.0046172809988992 0.008015051087716376 0.015309186655960847 0.24920481163042466 0.6489855022819522
419 3771 3.681295272863296e-10 0.6087605150746265 7.70431063664869e-05 7.70431063664869e-05 9.57805086646446e-05 0.004589353790235502 0.00819488720455704 0.01440169222564983 0.2537630865852972 0.6087605150746265
420 3780 3.590108788726962e-10 0.6112097149671997 7.479594073823016e-05 7.479594073823016e-05 9.105171311997543e-05 0.00461846909998101 0.008012599782210637 0.014414874115800705 0.25026472246623527 0.6112097149671997
421 3789 3.3568140922393966e-10 0.6059658268418611 7.45091068198235e-05 7.45091068198235e-05 8.999425103053293e-05 0.004662066915324786 0.007777863927933269 0.01410208350007923 0.25464671545919243 0.6059658268418611
422 3798 2.8841784243065386e-10 0.6021215989903774 7.54989793293045e-05 7.54989793293045e-05 8.736977287477095e-05 0.00474343573281623 0.007635168142989686 0.013825368164983795 0.24274987708972165 0.6021215989903774
423 3807 2.648767357586624e-10 0.5896404550389933 7.258301027987474e-05 7.258301027987474e-05 8.429743612201728e-05 0.004653011920257752 0.007515225296963716 0.013674040463450719 0.23724528809343828 0.5896404550389933
424 3816 2.602993431724693e-10 0.584216276158629 7.333267430507945e-05 7.333267430507945e-05 8.360872568653356e-05 0.004511090058387981 0.007420418012466672 0.012967034619502164 0.23345267813877674 0.584216276158629
425 3825 2.4094630043896334e-10 0.5669718146202554 7.018067218454209e-05 7.018067218454209e-05 8.424733514977369e-05 0.004549487045917391 0.007283854956247896 0.012706956280218713 0.23499435624253667 0.5669718146202554
426 3834 2.055571739998805e-10 0.5639913859802281 6.69994728908218e-05 6.69994728908218e-05 8.366017972898118e-05 0.004562684845898708 0.00679142521966401 0.012955216609028044 0.22934299296619937 0.5639913859802281
427 3843 1.8749969796032112e-10 0.548842328939823 6.487380481669556e-05 6.487380481669556e-05 8.366268034713074e-05 0.004508659907534711 0.006568851859418722 0.012151902163199753 0.23131405120490225 0.548842328939823
428 3852 1.9383898996783257e-10 0.5338357412575002 6.276031418725476e-05 6.276031418725476e-05 8.400175890125831e-05 0.004478025986446162 0.006546971253043137 0.011803991613055958 0.22337816666375354 0.5338357412575002
429 3861 1.6992307375363506e-10 0.531217752946173 6.121359064915801e-05 6.121359064915801e-05 8.302059329598615e-05 0.004483497971446118 0.006669622942318936 0.011414737746930623 0.2317486070041799 0.531217752946173
430 3870 1.624682484178121e-10 0.5073761919523689 6.205670972681341e-05 6.205670972681341e-05 8.24989274010023e-05 0.004412317633148572 0.006583592976050436 0.011227035819632466 0.22022222137665165 0.5073761919523689
431 3879 1.483058052960542e-10 0.5202398436836361 5.967584067190624e-05 5.967584067190624e-05 8.026145367146759e-05 0.0043097656102158155 0.006521828075607039 0.01145793027515682 0.21793338847019947 0.5202398436836361
432 3888 1.4813877468580482e-10 0.5163218343807763 5.5978480547814525e-05 5.5978480547814525e-05 7.854948438810934e-05 0.004158432599900453 0.006445203547078172 0.011694253801263356 0.21964665887498225 0.5163218343807763
433 3897 1.5949889542307756e-10 0.5098172813465289 5.4762163490024885e-05 5.4762163490024885e-05 8.063633044260006e-05 0.004098846364457342 0.006247794369196538 0.011462914762687994 0.22762893459392153 0.5098172813465289
434 3906 1.5675306352296862e-10 0.4873025235722452 5.9075999815301886e-05 5.9075999815301886e-05 8.212840532014939e-05 0.00401483851704301 0.005849206308401304 0.01148040395561516 0.23067861949243457 0.4873025235722452
435 3915 1.516314868745423e-10 0.4910261440721844 5.8681583321628125e-05 5.8681583321628125e-05 8.114916266679008e-05 0.0039825063020668345 0.005787713432441918 0.011126801811416199 0.22109992655400862 0.4910261440721844
436 3924 1.5130739815115775e-10 0.47454498995552297 5.992760641860725e-05 5.992760641860725e-05 7.715395341668989e-05 0.004075181639003319 0.0057277535348064425 0.010868891575005217 0.21667775730930836 0.47454498995552297
437 3933 1.3442737259431252e-10 0.470681532452461 5.982249694236908e-05 5.982249694236908e-05 7.455586232076278e-05 0.004042097320807142 0.005643905210567703 0.01122783815738863 0.20822172720522023 0.470681532452461
438 3942 1.3377117835318246e-10 0.4741108050393589 6.040973777141859e-05 6.040973777141859e-05 7.374038542879106e-05 0.0038610736090293534 0.005607698793065913 0.010770043251085715 0.20590965762645272 0.4741108050393589
439 3951 1.4086444964618615e-10 0.4807766998337296 6.0127449391359935e-05 6.0127449391359935e-05 7.350813329358038e-05 0.003730160760336205 0.00526310302984195 0.01069183320844321 0.2085117857562838 0.4807766998337296
440 3960 1.3842731144877256e-10 0.44887477516847213 5.91242154006595e-05 5.91242154006595e-05 7.315466294614455e-05 0.0036933200379222074 0.005275545243800564 0.010885178328127961 0.21906866798552496 0.44887477516847213
441 3969 1.3993728020256502e-10 0.42388217316657967 6.008200619406764e-05 6.008200619406764e-05 7.15306072450557e-05 0.0036974811071465875 0.005247621992763207 0.010792070617422017 0.2202940738401442 0.42388217316657967
442 3978 1.3013027795674658e-10 0.42204414930228834 5.83387534257588e-05 5.83387534257588e-05 7.296854258031679e-05 0.0035694877135643735 0.005195304017227189 0.01082516764572899 0.2231723043332477 0.42204414930228834
443 3987 1.1421693139725434e-10 0.41725109161397256 6.025386014983365e-05 6.025386014983365e-05 7.076284169615769e-05 0.0036893827996293182 0.004930500609213822 0.010352864515960764 0.22759127742661028 0.41725109161397256
444 3996 9.650574976106512e-11 0.42632933423501207 5.783943905201859e-05 5.783943905201859e-05 6.907198958653278e-05 0.00354179013254206 0.00494090204125642 0.010244453729541421 0.22216432126961735 0.42632933423501207
445 4005 8.916334045819781e-11 0.3998812430926137 5.8049119941597506e-05 5.8049119941597506e-05 6.852754991016514e-05 0.0035061850544674047 0.004828071358387302 0.010069624519269632 0.220725998643366 0.3998812430926137
446 4014 8.257327567211616e-11 0.3832703098900782 5.7527757052258684e-05 5.7527757052258684e-05 6.729246079893484e-05 0.0036686333792968814 0.004830194966930529 0.010058696709165557 0.21422838388154317 0.3832703098900782
447 4023 7.909527685655112e-11 0.3799649453771151 5.716537224522242e-05 5.716537224522242e-05 6.615997628295917e-05 0.003572760139239908 0.0049054602989549315 0.009741688041803327 0.21262729818565657 0.3799649453771151
448 4032 7.309639457324451e-11 0.3914691974515786 5.7259297833789344e-05 5.7259297833789344e-05 6.491460735093255e-05 0.003495939673612795 0.004636900247709971 0.009700889596579899 0.21188271696330077 0.3914691974515786
449 4041 6.992217117601648e-11 0.3860886139466081 5.785747653848775e-05 5.785747653848775e-05 6.478001930833472e-05 0.0032748364273538517 0.004582820830892304 0.00940712922513351 0.21558387248945662 0.3860886139466081
450 4050 6.903149564742466e-11 0.3931209864559703 5.641468715299405e-05 5.641468715299405e-05 6.455971603746145e-05 0.0032895135378284753 0.004587125469285209 0.009002923525752904 0.21228988407086447 0.3931209864559703
451 4059 6.229709166631346e-11 0.38327574705215894 5.448668040855852e-05 5.448668040855852e-05 6.225946152862291e-05 0.0033527202749022308 0.004560056963565163 0.009098193722078094 0.20486155430411135 0.38327574705215894
452 4068 6.236849504630663e-11 0.36701069402975617 5.457141501708629e-05 5.457141501708629e-05 6.153752843772205e-05 0.0033272464815407464 0.004547055909424911 0.00868332329196579 0.2034885408746386 0.36701069402975617
453 4077 5.720250917631814e-11 0.3821621344085746 5.285877432542794e-05 5.285877432542794e-05 6.304716714467104e-05 0.0032768642078219775 0.004557556078471606 0.008376781391639622 0.20540442603500103 0.3821621344085746
454 4086 5.237789077694707e-11 0.3821971459897886 5.217256781069661e-05 5.217256781069661e-05 6.178598026996769e-05 0.003224902392905548 0.004292915702080964 0.008353957178531254 0.20036919563717293 0.3821971459897886
455 4095 4.504443509358002e-11 0.38787886869299654 5.1449866776318134e-05 5.1449866776318134e-05 6.233080832379435e-05 0.0029823495652395258 0.004342132397726514 0.008055623108357913 0.20431515959999672 0.38787886869299654
