% # columns="iteration, evaluation, min max(neg(.)) min(pos(.)) max correlation, correlation matrix principle axes lengths  (sorted square roots of eigenvalues of correlation matrix)", seed=432842, Fri Aug 14 16:22:29 2020
1 9 -0.062238885165925205 -0.0001430241688366812 0.007671471418945203 0.057188542636154645 1 1 1 1 1 1 1
2 18 -0.15154405177404034 -0.00204502623275482 0.012129860570570142 0.12814604757778802 1 1 1 1 1 1 1
3 27 -0.12901500866648152 -0.000978151223589725 0.00490822939719748 0.14171876883645068 1 1 1 1 1 1 1
4 36 -0.15246042576371488 -0.005149335735390903 0.04105369037807606 0.14764487152079697 1 1 1 1 1 1 1
5 45 -0.18227929563528086 -0.0015993999304625963 0.009937964739980217 0.18892544161666175 1 1 1 1 1 1 1
6 54 -0.17019052672177837 -0.0011077077041746013 0.008103913038920753 0.19807731603007528 1 1 1 1 1 1 1
7 63 -0.22057845803152737 -0.003261719870254252 0.00907385773541184 0.23961077669834563 1 1 1 1 1 1 1
8 72 -0.2958825328232202 -0.020900396560710598 0.0010182127844607673 0.2574848190752085 1 1 1 1 1 1 1
9 81 -0.26013164262231564 -0.0019200256945944444 0.009641296071841604 0.2767414290705013 1 1 1 1 1 1 1
10 90 -0.31597153462043426 -0.003967258623311278 0.008148401360416967 0.28321557854548957 1 1 1 1 1 1 1
11 99 -0.3049543918511393 -0.015400254276122599 0.03456208323821483 0.34794607744402456 1 1 1 1 1 1 1
12 108 -0.34754086455854927 -0.02598669830094885 0.006561715195967664 0.35693602006619907 1 1 1 1 1 1 1
13 117 -0.40239129887982916 -0.052611627708519564 0.007632362238992443 0.47692780848830135 1 1 1 1 1 1 1
14 126 -0.3950600832166544 -0.017285625458015704 0.010499866445936461 0.4844027449704389 1 1 1 1 1 1 1
15 135 -0.38311879935744114 -0.07630777684575409 0.0016589695665082422 0.4789784591733729 1 1 1 1 1 1 1
16 144 -0.5076389135282209 -0.04182412869295249 0.044275971809291756 0.4917536489407293 1 1 1 1 1 1 1
17 153 -0.48032082545533716 -0.02473002996406558 0.022932350649363404 0.4630640714275372 1 1 1 1 1 1 1
18 162 -0.5470819857498139 -0.01916011164332825 0.030516534009881555 0.47282367128219654 1 1 1 1 1 1 1
19 171 -0.5686258135529108 -0.01231310043463436 0.017876073639321158 0.4888309263779341 1 1 1 1 1 1 1
20 180 -0.5637193983794971 -0.02749197367666421 0.00724092113426702 0.4805507703969557 1 1 1 1 1 1 1
21 189 -0.5319155170357415 -0.020455035427823738 0.016915363137528554 0.44921055817911526 1 1 1 1 1 1 1
22 198 -0.5015262301066706 -0.011583715365182153 0.016172147944768935 0.4478562951173436 1 1 1 1 1 1 1
23 207 -0.4437142307772963 -0.036308811369617604 0.0017953416185047012 0.4085172313440612 1 1 1 1 1 1 1
24 216 -0.45802632940288346 -0.03036332742868983 0.03132319688762236 0.4528401245621138 1 1 1 1 1 1 1
25 225 -0.5359098746902071 -0.03562635989508294 0.02337579009123233 0.43210009264736327 1 1 1 1 1 1 1
26 234 -0.6481660210313447 -0.03892627071498051 0.007765146803570481 0.5359737548453528 1 1 1 1 1 1 1
27 243 -0.7058687123430638 -0.02192139962026886 0.04654886191517494 0.6525830863333468 1 1 1 1 1 1 1
28 252 -0.6924623379922237 -0.0032375697447228563 0.003910843278960558 0.684489465663986 1 1 1 1 1 1 1
29 261 -0.6932910725023402 -0.03913033866573339 0.008161413126400226 0.6939027617231323 1 1 1 1 1 1 1
30 270 -0.6980964514927653 -0.03240081675867092 0.01514202171002756 0.6851018656359076 1 1 1 1 1 1 1
31 279 -0.6852947004163088 -0.017919494934468514 0.03019260288125979 0.6365914589959879 1 1 1 1 1 1 1
32 288 -0.6647941298107147 -0.03515488406636891 0.007354873451880487 0.6181537447364932 1 1 1 1 1 1 1
33 297 -0.6671618760763615 -0.026621690266264025 0.02265528915794153 0.637471662960195 1 1 1 1 1 1 1
34 306 -0.6413451746154217 -0.0883358540493129 0.024267352548857736 0.5797738426648448 1 1 1 1 1 1 1
35 315 -0.5832068825894189 -6.264041565186791e-05 0.013482390082755254 0.5646471259096002 1 1 1 1 1 1 1
36 324 -0.5870555961274584 -0.0018468431681270198 0.06302364080842829 0.5642746721931855 1 1 1 1 1 1 1
37 333 -0.6007826789949969 -0.003158118080724361 0.0032683630610160527 0.553900735772287 1 1 1 1 1 1 1
38 342 -0.5733912592995439 -0.013532651810902583 0.015658363844684005 0.5592695709605146 1 1 1 1 1 1 1
39 351 -0.5677012367188443 -0.0021637396335240943 0.00014173010390998116 0.5985468786476554 1 1 1 1 1 1 1
40 360 -0.5692040052423182 -0.036877943247254505 0.005095502797240702 0.6021166310896104 1 1 1 1 1 1 1
41 369 -0.5895143436797139 -0.0030583352725342535 0.06960400301601946 0.5309805655433711 1 1 1 1 1 1 1
42 378 -0.6160579304688574 -0.02202919800708574 0.057204917092308766 0.5214892302569445 1 1 1 1 1 1 1
43 387 -0.6160984513020933 -0.002030049174908842 0.010614115379319167 0.5124094164786478 1 1 1 1 1 1 1
44 396 -0.6126204845506649 -0.02849844140325907 0.06890322625026887 0.5037916129751566 1 1 1 1 1 1 1
45 405 -0.5633133077016642 -0.011332104549678554 0.06513307859739317 0.5447123381383183 1 1 1 1 1 1 1
46 414 -0.5808003780138496 -0.07007093502836118 0.047357337057901884 0.5527394289727074 1 1 1 1 1 1 1
47 423 -0.6061197374739542 -0.04963715003313845 0.03075437710226007 0.5518120027425021 1 1 1 1 1 1 1
48 432 -0.5733064801513392 -0.002991013357968285 0.008122258957585747 0.4967081979824483 1 1 1 1 1 1 1
49 441 -0.5483369505370853 -0.036568486302635095 0.033633968755482316 0.473253136289268 1 1 1 1 1 1 1
50 450 -0.46983051915460405 -0.03299109829336697 0.004201174322219972 0.44459634918296354 1 1 1 1 1 1 1
51 459 -0.47003462803764035 -0.0065403459895593714 0.0885672743549577 0.437694070597541 1 1 1 1 1 1 1
52 468 -0.45690751365640364 -0.011467332994876553 0.003542142468858379 0.463880086370061 1 1 1 1 1 1 1
53 477 -0.4687494939609014 -0.027470547007930574 0.013158416979128389 0.4693533585421397 1 1 1 1 1 1 1
54 486 -0.454757718613206 -0.07477843500844862 0.02062872463948437 0.4973113701461045 1 1 1 1 1 1 1
55 495 -0.44437995722153517 -0.09281201550011646 0.014127115100124531 0.4745890864510088 1 1 1 1 1 1 1
56 504 -0.4579597420605237 -0.0011528608070299534 0.002488011655234022 0.512410051389515 1 1 1 1 1 1 1
57 513 -0.46787023985121995 -0.023168082748210247 0.03323714319527269 0.5767245662708144 1 1 1 1 1 1 1
58 522 -0.439770275493141 -0.03624583020241292 0.054241593329769286 0.6052402496317361 1 1 1 1 1 1 1
59 531 -0.4569665057809127 -0.03876993316269528 0.049571948968387805 0.5667986240581585 1 1 1 1 1 1 1
60 540 -0.4667721925743707 -0.017321077646508327 0.04753044934444973 0.5686136552356387 1 1 1 1 1 1 1
61 549 -0.5141037164568224 -0.04596388966087836 0.022973765239905443 0.530266074055885 1 1 1 1 1 1 1
62 558 -0.509854696046605 -0.020927192552636274 0.026478636058964194 0.5113678722378188 1 1 1 1 1 1 1
63 567 -0.5235789036904591 -0.046135117388837535 0.013576854087025692 0.5039038948650253 1 1 1 1 1 1 1
64 576 -0.5134556925674595 -0.030552182425812726 0.0050368663104853675 0.5154395553049621 1 1 1 1 1 1 1
65 585 -0.5600178739043602 -0.003222906395280154 0.16683200733978132 0.5222061474890879 1 1 1 1 1 1 1
66 594 -0.5990923641433209 -0.030772530466851904 0.007415268424702397 0.46264652381473254 1 1 1 1 1 1 1
67 603 -0.5951885703849367 -0.038002147852627496 0.011583911973229754 0.38719599417120704 1 1 1 1 1 1 1
68 612 -0.5693329144097966 -0.024808212546429557 0.04412269648712081 0.36328222148840683 1 1 1 1 1 1 1
69 621 -0.5656014829713237 -0.0057982705368445795 0.005873467173554481 0.43302589441397105 1 1 1 1 1 1 1
70 630 -0.6109964623164537 -0.032732207746771866 0.013182637812573755 0.41357913745118235 1 1 1 1 1 1 1
71 639 -0.6048546129492235 -0.0497184680436207 0.0047529628318295596 0.4425869802692634 1 1 1 1 1 1 1
72 648 -0.61859820516906 -0.04237398084085307 0.024068531121688747 0.4395670399181583 1 1 1 1 1 1 1
73 657 -0.6440542522574945 -0.031235496013321453 0.037796053463206955 0.45022976357117545 1 1 1 1 1 1 1
74 666 -0.6215828214768538 -0.032949872996280695 0.04014641327468087 0.44834916309263123 1 1 1 1 1 1 1
75 675 -0.6060811546416782 -0.027147298381179085 0.0009155919733717479 0.4746377021404211 1 1 1 1 1 1 1
76 684 -0.6212595829893446 -0.12042629923312212 0.005184600512184286 0.49622902382617956 1 1 1 1 1 1 1
77 693 -0.6665300860999559 -0.06281624805835224 0.039062608002151285 0.5171428144113079 1 1 1 1 1 1 1
78 702 -0.6603596644735322 -0.0475901119453398 0.046331946661221604 0.5096090914450679 1 1 1 1 1 1 1
79 711 -0.65682111478514 -0.0326981353223143 0.06675218897388444 0.4974533814507143 1 1 1 1 1 1 1
80 720 -0.680458719121598 -0.02994420867414006 0.043048277252772806 0.5182958542210496 1 1 1 1 1 1 1
81 729 -0.6451145563147491 -0.05619858405007187 0.05684340997286023 0.495501418520103 1 1 1 1 1 1 1
82 738 -0.7091116050082489 -0.07506839655597623 0.017069970485728878 0.502166101189899 1 1 1 1 1 1 1
83 747 -0.7064646442677538 -0.06816961866364689 0.015155893181623777 0.44087166751871776 1 1 1 1 1 1 1
84 756 -0.7698217239632114 -0.010621892042986074 0.06840426138221117 0.4412016975825358 1 1 1 1 1 1 1
85 765 -0.7766524559934517 -0.17287776054866008 0.00044765557776076597 0.43195925182784695 1 1 1 1 1 1 1
86 774 -0.8025229120924193 -0.18503409184973765 0.005948493152352154 0.4194220977733091 1 1 1 1 1 1 1
87 783 -0.8026174565375428 -0.004539177096853818 0.011861678218573235 0.4134516537409241 1 1 1 1 1 1 1
88 792 -0.8135416518797122 -0.005330933569529013 0.045188374525732516 0.42928496218800616 1 1 1 1 1 1 1
89 801 -0.8463068705258965 -0.01337568696970859 0.07740509931530926 0.4312545415500142 1 1 1 1 1 1 1
90 810 -0.8423323271813788 -0.01598657350197849 0.08256354055596428 0.4598924042967897 1 1 1 1 1 1 1
91 819 -0.8309161972050063 -0.026715537591227297 0.12033709719592527 0.4426575872889126 1 1 1 1 1 1 1
92 828 -0.8474311007326485 -0.008350868645218838 0.05460159578348574 0.43416603720588554 1 1 1 1 1 1 1
93 837 -0.8450892714669659 -0.0018509784245125723 0.04581348428128854 0.4120291078525125 1 1 1 1 1 1 1
94 846 -0.8602481273478811 -0.00522558396266035 0.05250036916217566 0.4143670605602453 1 1 1 1 1 1 1
95 855 -0.8559638738672607 -0.19577157555488578 0.006482216503065181 0.44322585203604953 1 1 1 1 1 1 1
96 864 -0.8679777772957606 -0.03577970916144222 0.11814006648919723 0.4265285766489769 1 1 1 1 1 1 1
97 873 -0.8701551325766955 -0.01758820665443308 0.101516162379916 0.47062966301925957 1 1 1 1 1 1 1
98 882 -0.8780429755252299 -0.0591268366603148 0.06736945316489203 0.5289676682555172 1 1 1 1 1 1 1
99 891 -0.8841453619519493 -0.12078648058576742 0.08873338427885244 0.5464423101152943 1 1 1 1 1 1 1
100 900 -0.9007423479927751 -0.12423073593709145 0.120659545205432 0.5259027940684796 1 1 1 1 1 1 1
101 909 -0.9112443744536616 -0.09343921071979162 0.097546081776549 0.5517927187452375 1 1 1 1 1 1 1
102 918 -0.9111633459045209 -0.027161125460918274 0.005693088919778728 0.6316691116527373 1 1 1 1 1 1 1
103 927 -0.9263818410649454 -0.013905779602914517 0.0215210350704124 0.6933983729814764 1 1 1 1 1 1 1
104 936 -0.9323045255933934 -0.0622257582982634 0.002526381804197481 0.7158771681939411 1 1 1 1 1 1 1
105 945 -0.9280355584491558 -0.02836064769463321 0.03380743913570538 0.7265500934239477 1 1 1 1 1 1 1
106 954 -0.9233015143498582 -0.017679630522732342 0.05758215756430657 0.70765122730967 1 1 1 1 1 1 1
107 963 -0.9198564485210426 -0.023796225655553994 0.05933354301680645 0.7134283024577415 1 1 1 1 1 1 1
108 972 -0.9250649614103468 -0.06304971827945906 0.02801296996050028 0.675388992063779 1 1 1 1 1 1 1
109 981 -0.9250119655839953 -0.07469089751761725 0.027324955612839163 0.6767384017375347 1 1 1 1 1 1 1
110 990 -0.9282660120277101 -0.02727208335658745 0.00036183435513065547 0.7007310698650417 1 1 1 1 1 1 1
111 999 -0.934264609745934 -0.04903852356972547 0.0011886202978426098 0.7015421950552687 1 1 1 1 1 1 1
112 1008 -0.9254354270545443 -0.07832002480083652 0.05487636555351304 0.6949262847705058 1 1 1 1 1 1 1
113 1017 -0.9251944392853658 -0.05061522028191728 0.01826742050771937 0.6802605122565112 1 1 1 1 1 1 1
114 1026 -0.925190393683447 -0.05136136360846236 0.034845337756620666 0.6671343283217851 1 1 1 1 1 1 1
115 1035 -0.9270572489492154 -0.0010051036466385548 0.048894113773402234 0.6785878472445145 1 1 1 1 1 1 1
116 1044 -0.9306939557793352 -0.12009506247742972 0.045107826545455074 0.678801779560573 1 1 1 1 1 1 1
117 1053 -0.9259269903124078 -0.0862521815290477 0.04538395991547995 0.6409460824080363 1 1 1 1 1 1 1
118 1062 -0.9307096250359491 -0.03009821563136058 0.019084495176575192 0.6662595270117788 1 1 1 1 1 1 1
119 1071 -0.9343612867620441 -0.010485034264290516 0.03411596259762374 0.6476698464066203 1 1 1 1 1 1 1
120 1080 -0.9388525209031792 -0.06333277194285376 0.02591528341375159 0.6423539273751322 1 1 1 1 1 1 1
121 1089 -0.9422595136488512 -0.014073644761887315 5.280351958865096e-05 0.6454532118666586 1 1 1 1 1 1 1
122 1098 -0.9376091782124413 -0.034927394129320034 0.02015700306299308 0.6173076666893597 1 1 1 1 1 1 1
123 1107 -0.9387360225926015 -0.022351551614334803 0.0012573925214665834 0.6197928349352813 1 1 1 1 1 1 1
124 1116 -0.9437166883165989 -0.041053905134741005 0.0006211973654110848 0.6256955113814995 1 1 1 1 1 1 1
125 1125 -0.9412426797753289 -0.002078168424026092 0.0028672059488782974 0.6446975757419329 1 1 1 1 1 1 1
126 1134 -0.9396602522281832 -0.043446105454661335 0.015619788156770408 0.6129505984580504 1 1 1 1 1 1 1
127 1143 -0.9488933115908608 -0.020209775181983563 0.024872419937765268 0.6129202805127726 1 1 1 1 1 1 1
128 1152 -0.9508103220889057 -0.00805844040842356 0.010638035682273525 0.6051479734976347 1 1 1 1 1 1 1
129 1161 -0.9528784547091504 -0.05582865799760069 0.016652138512246433 0.5775648287392806 1 1 1 1 1 1 1
130 1170 -0.9551600708712905 -0.0038535950884834116 0.04375540101965271 0.5721498643491628 1 1 1 1 1 1 1
131 1179 -0.9559841970282937 -0.03635586190195414 0.006634969427462699 0.5986759295340055 1 1 1 1 1 1 1
132 1188 -0.9540021360033742 -0.020725173956008983 0.003428065028954979 0.5316403834089034 1 1 1 1 1 1 1
133 1197 -0.9495174718185849 -0.006415031822664011 0.03980087482648535 0.553788318835445 1 1 1 1 1 1 1
134 1206 -0.9474126592494413 -0.0017528301691523633 0.1034099187224497 0.5337297375853216 1 1 1 1 1 1 1
135 1215 -0.949785809202953 -0.02329066575830518 0.011395714855033729 0.5602517720541116 1 1 1 1 1 1 1
136 1224 -0.9533885811284107 -0.015298808276535717 0.08016385840524427 0.5563338075423829 1 1 1 1 1 1 1
137 1233 -0.9543761304557082 -0.05039475294443411 0.017581816700419518 0.5400687952365189 1 1 1 1 1 1 1
138 1242 -0.9616869706703495 -0.05045605485651536 0.014073701299080294 0.5482885175663644 1 1 1 1 1 1 1
139 1251 -0.9604570640450231 -0.04388329853777326 0.0006334042457636571 0.5431524173662325 1 1 1 1 1 1 1
140 1260 -0.9600379439654031 -0.01313959590929577 0.05772564472827761 0.5611447715353358 1 1 1 1 1 1 1
141 1269 -0.9618906184208237 -0.05709810126737692 0.031325379299511284 0.5357520628762882 1 1 1 1 1 1 1
142 1278 -0.9608309101726763 -0.008412686007098298 0.010084877175589705 0.5486987989866885 1 1 1 1 1 1 1
143 1287 -0.9625998250802094 -0.027156567544436273 0.03437264843362246 0.5792427029071561 1 1 1 1 1 1 1
144 1296 -0.9697299432622949 -0.011223431884367202 0.04249198423697609 0.5720561863791979 1 1 1 1 1 1 1
145 1305 -0.972119861095055 -0.07019329777771088 0.03699346246414528 0.5780040725125154 1 1 1 1 1 1 1
146 1314 -0.9741768251893769 -0.04185072836597438 0.05051270805629528 0.5907721272461881 1 1 1 1 1 1 1
147 1323 -0.9734459027419684 -0.015646798474588854 0.019910356983687424 0.5961953187722888 1 1 1 1 1 1 1
148 1332 -0.9750112869526274 -0.00635693429071252 0.007126428418678256 0.5809833106548892 1 1 1 1 1 1 1
149 1341 -0.9752100924154797 -0.05038185495423535 0.05024237891054585 0.5945615023857084 1 1 1 1 1 1 1
150 1350 -0.9738685404359858 -0.04433836460144579 0.0482746381115462 0.5605068281128035 1 1 1 1 1 1 1
151 1359 -0.9736624367742579 -0.06867597754344879 0.0712887619410835 0.5658012867753468 1 1 1 1 1 1 1
152 1368 -0.972106066896774 -0.09740162903562077 0.05560064230924203 0.6042632796840001 1 1 1 1 1 1 1
153 1377 -0.9719920159707277 -0.09560754042831814 0.07842979968303246 0.6101802720152679 1 1 1 1 1 1 1
154 1386 -0.9740495953778332 -0.0594801338541708 0.03322680945066599 0.6067192157696456 1 1 1 1 1 1 1
155 1395 -0.9757629141934733 -0.05232894699013471 0.015658247561947572 0.6024391903991974 1 1 1 1 1 1 1
156 1404 -0.9754906074939165 -0.11659938980463329 0.07280553299482885 0.6218250857268244 1 1 1 1 1 1 1
157 1413 -0.9769799603822805 -0.12099991419775089 0.07380938471177367 0.6794024117515187 1 1 1 1 1 1 1
158 1422 -0.9741975283728567 -0.12144985643268029 0.07628053034682043 0.7371026240139692 1 1 1 1 1 1 1
159 1431 -0.9761729323810848 -0.11166937091566458 0.10592124714440525 0.7488850540020882 1 1 1 1 1 1 1
160 1440 -0.9769823396037157 -0.08644727506026455 0.07270242091697034 0.7470630800203278 1 1 1 1 1 1 1
161 1449 -0.9749565203722008 -0.03404733236106966 0.013115980707283014 0.7523610934632495 1 1 1 1 1 1 1
162 1458 -0.9763097015866405 -0.08506807996339734 0.07235403409212995 0.7452819082725539 1 1 1 1 1 1 1
163 1467 -0.9751753918095971 -0.002336215701756982 0.0030777642258172293 0.7499117675224755 1 1 1 1 1 1 1
164 1476 -0.9725742468570344 -0.02308907576552163 0.023359582901019377 0.7479299291813946 1 1 1 1 1 1 1
165 1485 -0.9740077421653723 -0.023501829978852626 0.03460395780803927 0.7600752677206462 1 1 1 1 1 1 1
166 1494 -0.9751795858968755 -0.020326538715910922 0.02983268639170052 0.7225041012328903 1 1 1 1 1 1 1
167 1503 -0.9762088963755966 -0.003251732028437391 0.025612629356050843 0.7121450172706854 1 1 1 1 1 1 1
168 1512 -0.9785292659656483 -0.020989753434445556 0.01810792925417898 0.7185971138336601 1 1 1 1 1 1 1
169 1521 -0.9792632745867884 -0.039175147459981505 0.049100531179602225 0.7224497536216495 1 1 1 1 1 1 1
170 1530 -0.9789539797220449 -0.01021607802220358 0.025351035721620757 0.7184325831998761 1 1 1 1 1 1 1
171 1539 -0.9833107520593469 -0.0053359342575386645 0.018856688910245317 0.7371617435140775 1 1 1 1 1 1 1
172 1548 -0.9799252777658437 -0.01861438452728798 0.0018046732530851023 0.7559770460555008 1 1 1 1 1 1 1
173 1557 -0.9814221119363487 -0.1768692665200531 0.0003865386754366503 0.7364176270805589 1 1 1 1 1 1 1
174 1566 -0.9819208186845915 -0.009400891610449038 0.04195900855167227 0.7316530190653173 1 1 1 1 1 1 1
175 1575 -0.9834992136003236 -0.015090516273139832 0.05893384265496875 0.7162351088191541 1 1 1 1 1 1 1
176 1584 -0.984766069367694 -0.006690527365558349 0.04062370415929407 0.7235275501185802 1 1 1 1 1 1 1
177 1593 -0.9859381570007466 -0.0028519573509062693 0.03735487173994736 0.7391562532134082 1 1 1 1 1 1 1
178 1602 -0.986361510332325 -0.0046938267016813735 0.04385873671312351 0.734106419152325 1 1 1 1 1 1 1
179 1611 -0.9881293545461046 -0.03524040744489063 0.05459683951262014 0.7633830524752626 1 1 1 1 1 1 1
180 1620 -0.9888666354335123 -0.05736232063142177 0.07921373697114384 0.7839158850320972 1 1 1 1 1 1 1
181 1629 -0.9895530893122376 -0.019153608671985962 0.03948017058577427 0.7748031107720394 1 1 1 1 1 1 1
182 1638 -0.9892789578342361 -0.02672388667641606 0.037784841076950175 0.7823736998248805 1 1 1 1 1 1 1
183 1647 -0.9904486293191068 -0.015078092502029364 0.021778078042530298 0.7970540594704593 1 1 1 1 1 1 1
184 1656 -0.9909426886294617 -0.014137780651051781 0.024361036252860072 0.806640253950006 1 1 1 1 1 1 1
185 1665 -0.9904886530564551 -0.023801957160506745 0.024693305144968238 0.8149788853455564 1 1 1 1 1 1 1
186 1674 -0.9910194333157544 -0.02425443368199759 0.02119743442634348 0.8173374650361094 1 1 1 1 1 1 1
187 1683 -0.9900272649507603 -0.004327911096951473 0.02333586243631853 0.8364186014057264 1 1 1 1 1 1 1
188 1692 -0.9912159168572898 -0.014545897582986595 0.0069067716427197706 0.8615017196572611 1 1 1 1 1 1 1
189 1701 -0.9917512342037582 -0.09447936297309892 0.09402160065940858 0.8790349311689957 1 1 1 1 1 1 1
190 1710 -0.9914864746205166 -0.1682775127628035 0.17156371179649316 0.897243660627747 1 1 1 1 1 1 1
191 1719 -0.991791329285328 -0.1089977867810051 0.11160568081692243 0.9002698650278275 1 1 1 1 1 1 1
192 1728 -0.9919935672420505 -0.15673287992784982 0.1527046621358903 0.9056061393785312 1 1 1 1 1 1 1
193 1737 -0.9922609710401 -0.12707225730300775 0.12015601861652146 0.9083591037447417 1 1 1 1 1 1 1
194 1746 -0.9937124843648737 -0.09481252027728901 0.08741838316036211 0.9173323421420606 1 1 1 1 1 1 1
195 1755 -0.9948416819536802 -0.03606131556587275 0.0327807386492959 0.9173104093182963 1 1 1 1 1 1 1
196 1764 -0.9955658303148727 -0.03613581763651657 0.02884866619515483 0.9121899889381863 1 1 1 1 1 1 1
197 1773 -0.9951220469908224 -0.04325898007280664 0.039764033818701784 0.9178997828516975 1 1 1 1 1 1 1
198 1782 -0.9945583600627667 -0.07843736720653152 0.0642920786702418 0.9282517227393894 1 1 1 1 1 1 1
199 1791 -0.9951485989177281 -0.0714362968475417 0.0609882224398477 0.9325680843241687 1 1 1 1 1 1 1
200 1800 -0.995162829590841 -0.09186737665985643 0.0824475255948742 0.9349785665726124 1 1 1 1 1 1 1
201 1809 -0.9948900780759312 -0.02702552747405037 0.01927829565884372 0.9383823471534742 1 1 1 1 1 1 1
202 1818 -0.995248384131549 -0.013027899587503305 0.010219005902201324 0.9381533698503175 1 1 1 1 1 1 1
203 1827 -0.995544178155261 -0.010542395571394735 0.010301496638819036 0.9371770965391546 1 1 1 1 1 1 1
204 1836 -0.9954914019723278 -0.009280681354173058 0.012426907817020594 0.946853813511752 1 1 1 1 1 1 1
205 1845 -0.9956032732731313 -0.005450960825390126 0.0005275774361180872 0.948796206269026 1 1 1 1 1 1 1
206 1854 -0.9956074652838033 -0.005781541342222094 0.01323543524214309 0.9527634061048672 1 1 1 1 1 1 1
207 1863 -0.9956810968109093 -0.05529104480393249 0.004492902487938605 0.9480845084581557 1 1 1 1 1 1 1
208 1872 -0.9959926590681266 -0.0035887116621893234 0.004925884566450556 0.9519241041652001 1 1 1 1 1 1 1
209 1881 -0.9958967680449238 -0.011020766431616164 0.01917741682554884 0.9562657327076906 1 1 1 1 1 1 1
210 1890 -0.9960701697445179 -0.009183271437126021 0.0002541309694282291 0.96023913320628 1 1 1 1 1 1 1
211 1899 -0.9961742861015062 -0.00878568471105775 0.00948389350747524 0.9554093621578378 1 1 1 1 1 1 1
212 1908 -0.9967074075200751 -0.030080823069130562 0.03062517614183539 0.9593183104690594 1 1 1 1 1 1 1
213 1917 -0.9968345886862001 -0.03410623925289096 0.03777367190120566 0.9633395726458276 1 1 1 1 1 1 1
214 1926 -0.9963911036953399 -0.023079127378692586 0.020635314261092663 0.9658305010634508 1 1 1 1 1 1 1
215 1935 -0.9969573886440526 -0.015139910224169469 0.023476433159571777 0.9668666175013599 1 1 1 1 1 1 1
216 1944 -0.9971843518047573 -0.027734324504407496 0.032657694119713365 0.9690667713769966 1 1 1 1 1 1 1
217 1953 -0.9972099618847488 -0.024608440807030098 0.028168824319463534 0.9696630652524623 1 1 1 1 1 1 1
218 1962 -0.9973471508671309 -0.027088606938901368 0.030915752329779705 0.9717458954931197 1 1 1 1 1 1 1
219 1971 -0.997172264638569 -0.02241241111134823 0.029668905351673824 0.9724439768684098 1 1 1 1 1 1 1
220 1980 -0.9972791767252024 -0.03620382030355248 0.04338192677059077 0.9754816435353237 1 1 1 1 1 1 1
221 1989 -0.9975613563652089 -0.028927947697146832 0.036117627607204716 0.97633333428011 1 1 1 1 1 1 1
222 1998 -0.9974962032105519 -0.010005859639746996 0.018324380845335976 0.9765279791519779 1 1 1 1 1 1 1
223 2007 -0.9978502105438684 -0.013506558020638031 0.016987192982059467 0.976415587689977 1 1 1 1 1 1 1
224 2016 -0.9979777342459605 -0.012153313084284627 0.009912251665694406 0.9790030551336792 1 1 1 1 1 1 1
225 2025 -0.997845233670234 -0.014855515968478424 0.015340448530657053 0.9820963376223664 1 1 1 1 1 1 1
226 2034 -0.9986137781623468 -0.07912444220632522 0.0861858954373246 0.9822364628088827 1 1 1 1 1 1 1
227 2043 -0.9985618902089671 -0.07483809157035062 0.08055053231464485 0.9828247586610213 1 1 1 1 1 1 1
228 2052 -0.998700644317392 -0.09966321699831351 0.10361688278534016 0.9831075751324925 1 1 1 1 1 1 1
229 2061 -0.9986888474815622 -0.14316980152545072 0.145590539585181 0.9856993826251532 1 1 1 1 1 1 1
230 2070 -0.9987543308915224 -0.14688034658696658 0.150246057634089 0.9861365828097184 1 1 1 1 1 1 1
231 2079 -0.99871565251349 -0.13406706659530637 0.1394399186275266 0.9876724391090023 1 1 1 1 1 1 1
232 2088 -0.9988025401584386 -0.1377508154579486 0.1445121481036122 0.9865940850659172 1 1 1 1 1 1 1
233 2097 -0.9987568826543232 -0.14601732958574656 0.1523732017479928 0.9861981285812939 1 1 1 1 1 1 1
234 2106 -0.998794994751686 -0.16330841695740156 0.1685074402959491 0.9849727896298275 1 1 1 1 1 1 1
235 2115 -0.9986718623212905 -0.10978079418777228 0.11588281702248507 0.986085600936088 1 1 1 1 1 1 1
236 2124 -0.9984142158393489 -0.07936165733777971 0.08949601312638618 0.9863957275261919 1 1 1 1 1 1 1
237 2133 -0.9979250809215802 -0.09614322493583916 0.10986519750988973 0.9869844663594772 1 1 1 1 1 1 1
238 2142 -0.9981420575425403 -0.15465190472437745 0.16289865487161453 0.9874712690341476 1 1 1 1 1 1 1
239 2151 -0.9980847898929616 -0.152010525969072 0.1606784203533997 0.9881795416175266 1 1 1 1 1 1 1
240 2160 -0.9983118192865232 -0.14175939271608204 0.14692203984327906 0.988463713929732 1 1 1 1 1 1 1
241 2169 -0.998549298743299 -0.12668427541265972 0.13287158636556776 0.9892824306005741 1 1 1 1 1 1 1
242 2178 -0.9986779963185525 -0.13014584232987 0.13440039574367954 0.9900639801132853 1 1 1 1 1 1 1
243 2187 -0.9985208084184777 -0.06745764322318253 0.07166544731569427 0.9906593542494818 1 1 1 1 1 1 1
244 2196 -0.9985283676024642 -0.12287743608828486 0.12385657776945329 0.9925694839204326 1 1 1 1 1 1 1
245 2205 -0.9984863223543919 -0.17843484042784527 0.1782590669591414 0.9931140232121627 1 1 1 1 1 1 1
246 2214 -0.998564045036443 -0.19865001462999263 0.19690844135157995 0.9934323096945796 1 1 1 1 1 1 1
247 2223 -0.9986792305074539 -0.25844824372752473 0.2573089605149768 0.9945951004404839 1 1 1 1 1 1 1
248 2232 -0.9986667904955933 -0.26127126093212855 0.2595732461491644 0.9947474390508732 1 1 1 1 1 1 1
249 2241 -0.9987615201680721 -0.24948146704780264 0.24873111016954683 0.99526819211827 1 1 1 1 1 1 1
250 2250 -0.9986801294785321 -0.22607129107828436 0.22617105222488854 0.9950418569438689 1 1 1 1 1 1 1
251 2259 -0.9987734431664047 -0.1851206978707223 0.1837307746280066 0.995024401585772 1 1 1 1 1 1 1
252 2268 -0.998737549210065 -0.1866154952417458 0.18185934641377186 0.9947704756507734 1 1 1 1 1 1 1
253 2277 -0.9984458276273338 -0.18883516988987825 0.1834930883944764 0.9950191677887159 1 1 1 1 1 1 1
254 2286 -0.9984320220770079 -0.2122630000362523 0.20739361020418304 0.9950125651029701 1 1 1 1 1 1 1
255 2295 -0.9986411352164687 -0.20881331989193933 0.20528255581773477 0.995119644608599 1 1 1 1 1 1 1
256 2304 -0.9986177369422823 -0.2379124850977075 0.23300855114125732 0.9955462357039528 1 1 1 1 1 1 1
257 2313 -0.9990535091393223 -0.2163964409246074 0.21354884947881814 0.9955031423955164 1 1 1 1 1 1 1
258 2322 -0.9992630347935685 -0.21568619016263052 0.2133118666602843 0.9951899234684366 1 1 1 1 1 1 1
259 2331 -0.9992985002768658 -0.147433435659613 0.1465495408913403 0.9947872313301616 1 1 1 1 1 1 1
260 2340 -0.9993201743468278 -0.16827533295251193 0.17028120928847035 0.9947411366911943 1 1 1 1 1 1 1
261 2349 -0.9993643831508503 -0.2102098360917023 0.21215783915825 0.9950095674099385 1 1 1 1 1 1 1
262 2358 -0.9993649871560939 -0.22492908019367672 0.22790699612989893 0.9956557344764777 1 1 1 1 1 1 1
263 2367 -0.9994016535596424 -0.14732758871379167 0.14999484118767276 0.9949180453666838 1 1 1 1 1 1 1
264 2376 -0.9994290476185567 -0.11874012329038314 0.12081670668670523 0.9950223425505421 1 1 1 1 1 1 1
265 2385 -0.999465706985257 -0.1403692689251806 0.1430987022432956 0.9961877159274428 1 1 1 1 1 1 1
266 2394 -0.9994920188521003 -0.116424752886268 0.11816956242455735 0.9960199415566146 1 1 1 1 1 1 1
267 2403 -0.9995383659956711 -0.15398002033184208 0.15556031752807298 0.9963898711524214 1 1 1 1 1 1 1
268 2412 -0.9995200379917685 -0.10822973641544181 0.11024870996818631 0.9963921856112297 1 1 1 1 1 1 1
269 2421 -0.9995629236172585 -0.09270933756906057 0.09628749779530921 0.9958462091779685 1 1 1 1 1 1 1
270 2430 -0.9995402231679487 -0.11190539997053969 0.11554452044598808 0.9956503957842979 1 1 1 1 1 1 1
271 2439 -0.9995499213684103 -0.1096417060664706 0.11292040112641606 0.9958692839068009 1 1 1 1 1 1 1
272 2448 -0.9995238401348782 -0.026116851157912197 0.030108465284634275 0.9960320907598905 1 1 1 1 1 1 1
273 2457 -0.9995074037074749 -0.018324781790474736 0.013233618392141568 0.9961268576427328 1 1 1 1 1 1 1
274 2466 -0.9995632097744406 -0.05650757953835438 0.06263929120916363 0.9958542345281535 1 1 1 1 1 1 1
275 2475 -0.9995633431533997 -0.059555026568551765 0.06609695028553952 0.9958895137635535 1 1 1 1 1 1 1
276 2484 -0.9995535416142681 -0.04420194853862755 0.05075330571526945 0.9960679835891901 1 1 1 1 1 1 1
277 2493 -0.9995585850509221 -0.03116068477566057 0.023392791234671504 0.9966591701860559 1 1 1 1 1 1 1
278 2502 -0.9995708025402874 -0.06002747231601383 0.052594800686500284 0.9971570959592565 1 1 1 1 1 1 1
279 2511 -0.9995640240956094 -0.06728815777371495 0.059285221269454805 0.9977142822676079 1 1 1 1 1 1 1
280 2520 -0.9996019070899532 -0.06761859022555254 0.07472766780665033 0.997295278082606 1 1 1 1 1 1 1
281 2529 -0.9995904685673949 -0.0661457765516093 0.0732717675376711 0.9971436508840273 1 1 1 1 1 1 1
282 2538 -0.9995685260960958 -0.15699984714459808 0.00037188584944302137 0.9973386528808632 1 1 1 1 1 1 1
283 2547 -0.9995754319918649 -0.07641088264734082 0.08587319154842207 0.9968432058229871 1 1 1 1 1 1 1
284 2556 -0.999591562940517 -0.036909891050540225 0.04356732233153254 0.9967716266824083 1 1 1 1 1 1 1
285 2565 -0.9996196590883056 -0.04676898051544701 0.05406643092544707 0.9966532873330202 1 1 1 1 1 1 1
286 2574 -0.9996400381507037 -0.010595140668646886 0.017636095611938265 0.9969493004441079 1 1 1 1 1 1 1
287 2583 -0.9996295969316037 -0.03906356463333942 0.04531652079447562 0.9969983575161576 1 1 1 1 1 1 1
288 2592 -0.9996461610173916 -0.05790819642464422 0.06169729179728112 0.9973047977176867 1 1 1 1 1 1 1
289 2601 -0.999660702523088 -0.07597351361613926 0.07870007870541747 0.9977168980822548 1 1 1 1 1 1 1
290 2610 -0.9997009290276052 -0.008730134897503482 0.010302068217416334 0.9978225358525729 1 1 1 1 1 1 1
291 2619 -0.9996951599226238 -0.003106285841862965 0.006183579670169465 0.9977820892772372 1 1 1 1 1 1 1
292 2628 -0.9997126968853901 -0.007422468153650788 0.009371226623549458 0.9979206331559043 1 1 1 1 1 1 1
293 2637 -0.9997609936722436 -0.009722406480463141 0.010610980226760975 0.9975207816934688 1 1 1 1 1 1 1
294 2646 -0.9997506020299022 -0.008976938925424872 0.00913053690946584 0.997827371604311 1 1 1 1 1 1 1
295 2655 -0.9997588669411038 -0.010955107780664358 0.010942303522051656 0.9979032049966612 1 1 1 1 1 1 1
296 2664 -0.9997880020018273 -0.008266234315167653 0.007398630283676788 0.9977583926472522 1 1 1 1 1 1 1
297 2673 -0.9997582052000269 -0.0040827751702695435 0.0024348250679349006 0.9973214268621211 1 1 1 1 1 1 1
298 2682 -0.9997463159957058 -0.025775612663945766 0.026221505579799912 0.997173432121834 1 1 1 1 1 1 1
299 2691 -0.9997450120768273 -0.015193848982066478 0.012945772768725395 0.9974290715797871 1 1 1 1 1 1 1
300 2700 -0.9997531677608642 -0.039399892718595265 0.03835801991669002 0.9976708208547862 1 1 1 1 1 1 1
301 2709 -0.9997587798518717 -0.011688970938817371 0.010668295099756867 0.9976637025444781 1 1 1 1 1 1 1
302 2718 -0.9997623380099709 -0.0004557641213161844 0.00020956062581442455 0.9974691277844006 1 1 1 1 1 1 1
303 2727 -0.9997594737456666 -0.0022964370061421707 0.00023809700943259958 0.997725136192086 1 1 1 1 1 1 1
304 2736 -0.999746413866989 -0.04076733594577958 0.03677851807940427 0.9979705991803102 1 1 1 1 1 1 1
305 2745 -0.9997665098876073 -0.006291811899221004 0.0031043027091523985 0.9977118040910193 1 1 1 1 1 1 1
306 2754 -0.9997790972455549 -0.017445081224754865 0.02053744628530815 0.9977232268176084 1 1 1 1 1 1 1
307 2763 -0.9997644676839148 -0.027722885966067968 0.024954134401874488 0.9977168623600717 1 1 1 1 1 1 1
308 2772 -0.9997663876151663 -0.011099645238531368 0.008759647058354076 0.9975414589670033 1 1 1 1 1 1 1
309 2781 -0.999764410947493 -0.0031965504146008036 0.0007664388144486972 0.997607754167027 1 1 1 1 1 1 1
310 2790 -0.9997631539124274 -0.02169984510084646 0.01935468288960351 0.9977336082301763 1 1 1 1 1 1 1
311 2799 -0.9997609989937706 -0.027275952618347903 0.024965897270743505 0.997804158040172 1 1 1 1 1 1 1
312 2808 -0.9997647634581396 -0.03551788452234725 0.033594015793737164 0.9977502375511763 1 1 1 1 1 1 1
313 2817 -0.9997706500673564 -0.028879432778032503 0.02667668400283035 0.9980791219640311 1 1 1 1 1 1 1
314 2826 -0.99978400623583 -0.0793970321765116 0.07708401572361179 0.9981889336265359 1 1 1 1 1 1 1
315 2835 -0.9997841570606606 -0.10179928210384508 0.10005796431332781 0.9981094700611137 1 1 1 1 1 1 1
316 2844 -0.9997956549103793 -0.018740645311334427 0.019992509849428165 0.9977730934253805 1 1 1 1 1 1 1
317 2853 -0.9998001575485307 -0.04211181371490885 0.04242552162429031 0.9978647282030755 1 1 1 1 1 1 1
318 2862 -0.9998013053681765 -0.015342272081606243 0.013936747970369211 0.997790986202304 1 1 1 1 1 1 1
319 2871 -0.9998232810972318 -0.0006876025527708556 0.004465695572811951 0.9979680028123954 1 1 1 1 1 1 1
320 2880 -0.999820418126566 -0.009369474027428382 0.007139801527848267 0.9982975114170949 1 1 1 1 1 1 1
321 2889 -0.9997939506727309 -0.024750450473967366 0.027149014935402536 0.9981991486910285 1 1 1 1 1 1 1
322 2898 -0.9997917349249462 -0.020451497029256294 0.02277903708817197 0.9983800956918801 1 1 1 1 1 1 1
323 2907 -0.9997980678847601 -0.05583353554406088 0.05760797140577634 0.9983433544054716 1 1 1 1 1 1 1
324 2916 -0.999817647327603 -0.09618954677945116 0.09545999862021724 0.998115868757751 1 1 1 1 1 1 1
325 2925 -0.9998129508619046 -0.04598274820440548 0.04582464520358791 0.9981786999451528 1 1 1 1 1 1 1
326 2934 -0.9998259909690475 -0.07275541825141767 0.07240179016701799 0.9983328164851879 1 1 1 1 1 1 1
327 2943 -0.9998037463767054 -0.006815830240437695 0.006729884965979314 0.998505851118093 1 1 1 1 1 1 1
328 2952 -0.9998127624805787 -0.02847794824018906 0.029180932306649972 0.9983144667522271 1 1 1 1 1 1 1
329 2961 -0.9998193590723189 -0.023235594270433438 0.02043199846223956 0.9981283743625511 1 1 1 1 1 1 1
330 2970 -0.9998244741603798 -0.037028091447099495 0.034929071315882645 0.9979940773553175 1 1 1 1 1 1 1
331 2979 -0.9998163327290751 -0.012550230697928894 0.014918223329222848 0.9980282077163174 1 1 1 1 1 1 1
332 2988 -0.9998050853594934 -0.05370012916594138 0.05669925887423488 0.9980891878828457 1 1 1 1 1 1 1
333 2997 -0.9998124249248704 -0.05175551308754161 0.054650329161970115 0.9982832812285947 1 1 1 1 1 1 1
334 3006 -0.9998115513078407 -0.08402677676845341 0.08738228963536966 0.9982071601393887 1 1 1 1 1 1 1
335 3015 -0.9998080456618138 -0.08541103450013836 0.08991374514565355 0.9982572294682779 1 1 1 1 1 1 1
336 3024 -0.9998021069037595 -0.11597470667192278 0.12087543664797398 0.998241146320675 1 1 1 1 1 1 1
337 3033 -0.9997891524080322 -0.13607859434885572 0.14082474938956605 0.998281360076226 1 1 1 1 1 1 1
338 3042 -0.9997960265009 -0.13080341117286184 0.1362238618053639 0.9984003138788283 1 1 1 1 1 1 1
339 3051 -0.9998008889432645 -0.16475999554394424 0.16924147720677643 0.9980588513640891 1 1 1 1 1 1 1
340 3060 -0.9998064685035766 -0.1405032344770327 0.14471868743180336 0.9981778816851317 1 1 1 1 1 1 1
341 3069 -0.9998069461808008 -0.04631206414285511 0.050380181733219474 0.9981030779675742 1 1 1 1 1 1 1
342 3078 -0.9998132088166638 -0.026686898140853618 0.031880168932982914 0.9979526721092365 1 1 1 1 1 1 1
343 3087 -0.9998040653894845 -0.035434879308950895 0.033308098547330287 0.9980744588819459 1 1 1 1 1 1 1
344 3096 -0.9997884919195883 -0.002577177062344271 0.0756835001299623 0.9982630409848008 1 1 1 1 1 1 1
345 3105 -0.9997923332652036 -0.055356828051391166 0.04881533502102589 0.998243518099059 1 1 1 1 1 1 1
346 3114 -0.9997893581220059 -0.02696762056213967 0.01971713626557826 0.9983762855242656 1 1 1 1 1 1 1
347 3123 -0.9998270021790947 -0.027921563705572618 0.03338014895785671 0.998216467442389 1 1 1 1 1 1 1
348 3132 -0.9998037586714309 -0.0031916192375741692 0.00969244399009709 0.9981917327892708 1 1 1 1 1 1 1
349 3141 -0.9997889532139571 -0.0098512789804761 0.002150832393788955 0.9983872951107168 1 1 1 1 1 1 1
350 3150 -0.9997867541239265 -0.054292378077852484 0.04640415081080362 0.9983789532061431 1 1 1 1 1 1 1
351 3159 -0.9997915548875024 -0.06402313946663954 0.05587537603951891 0.9984628792128861 1 1 1 1 1 1 1
352 3168 -0.9998009167040867 -0.0035589842701498884 0.07413284040740212 0.9984812809222176 1 1 1 1 1 1 1
353 3177 -0.999795916300057 -0.021592613250373094 0.014291957128928232 0.998527822842329 1 1 1 1 1 1 1
354 3186 -0.9998024239718594 -0.04498325002515603 0.03787347782497095 0.9985662243107523 1 1 1 1 1 1 1
355 3195 -0.9998150815274024 -0.018191377107404278 0.010844228455037935 0.9984780536199794 1 1 1 1 1 1 1
356 3204 -0.9998044978589633 -0.026049626230310204 0.017977042958815248 0.9984655290467701 1 1 1 1 1 1 1
357 3213 -0.9998027895347771 -0.05380096004765575 0.04691461523876375 0.9983870876804315 1 1 1 1 1 1 1
358 3222 -0.9997997855276374 -0.08540105305608242 0.0812420100041446 0.998672403521287 1 1 1 1 1 1 1
359 3231 -0.9998124319931833 -0.01218112847664739 0.018698778778689685 0.9986951713188107 1 1 1 1 1 1 1
360 3240 -0.9998173125044006 -0.008129323204980672 0.014204140582977318 0.9985369913470707 1 1 1 1 1 1 1
361 3249 -0.9998038915542639 -0.031913189089183294 0.001869923245543493 0.9985934773672476 1 1 1 1 1 1 1
362 3258 -0.999806299501922 -0.0027766155641875956 0.009716717721886533 0.9984773199665716 1 1 1 1 1 1 1
363 3267 -0.9998172498407422 -0.00863374566117 0.014523112285159916 0.9985898767155124 1 1 1 1 1 1 1
364 3276 -0.9998136517140446 -0.004212797111871261 0.01131035132017013 0.9988255307882773 1 1 1 1 1 1 1
365 3285 -0.9998154483059025 -0.00442818392637917 0.012762756065670905 0.9987389008380456 1 1 1 1 1 1 1
366 3294 -0.9998282662220264 -0.035978835741274626 0.04440849522246803 0.9987733198983944 1 1 1 1 1 1 1
367 3303 -0.9998643885938984 -0.025698009655099826 0.03191540913133039 0.9986589021466589 1 1 1 1 1 1 1
368 3312 -0.9998882880449717 -0.004118295349263767 0.009632768572513774 0.9985915868906425 1 1 1 1 1 1 1
369 3321 -0.9998821458195785 -0.01903537609658684 0.024996964920912693 0.998500448000159 1 1 1 1 1 1 1
370 3330 -0.999879752651817 -0.00955278093100502 0.015000575685304841 0.9983498827484985 1 1 1 1 1 1 1
371 3339 -0.9998424465250182 -0.005114112574568381 0.011458812586126178 0.9983915198708373 1 1 1 1 1 1 1
372 3348 -0.9998387388211633 -0.05075110591016024 0.05668791863683912 0.9984430560782802 1 1 1 1 1 1 1
373 3357 -0.9998433477755517 -0.06071666005364807 0.06677808982771792 0.9985618886909158 1 1 1 1 1 1 1
374 3366 -0.9998402289200105 -0.034021357326301 0.04061039473145878 0.9984949822126236 1 1 1 1 1 1 1
375 3375 -0.9998275440142845 -0.07948057552911413 0.07270267306349684 0.9982464419407562 1 1 1 1 1 1 1
376 3384 -0.9998430405956723 -0.02164687492161104 0.015580274705160001 0.9982025839849388 1 1 1 1 1 1 1
377 3393 -0.9998332822068641 -0.02063499603939177 0.016167191372404518 0.9985265324109822 1 1 1 1 1 1 1
378 3402 -0.9998407622862934 -0.06594454961110498 0.060043348744983654 0.9984079696105885 1 1 1 1 1 1 1
379 3411 -0.9998107999862725 -0.0226457887026249 0.015422981312700196 0.9985397885268295 1 1 1 1 1 1 1
380 3420 -0.9998330934023637 -0.07198288426672388 0.06484509599978898 0.9984583739475423 1 1 1 1 1 1 1
381 3429 -0.9998247157675947 -0.07287899669630159 0.0653949436792093 0.9985232834027269 1 1 1 1 1 1 1
382 3438 -0.9998088137773488 -0.026994419099334324 0.0185522299354028 0.9986756146645872 1 1 1 1 1 1 1
383 3447 -0.9997920082123732 -0.02903263681973633 0.020182181977669952 0.9986594725232185 1 1 1 1 1 1 1
384 3456 -0.9998004722073476 -0.061798691775155186 0.07136945082579892 0.9986105553721005 1 1 1 1 1 1 1
385 3465 -0.9998135417304436 -0.04155959269030424 0.05042638820221043 0.9988807721142765 1 1 1 1 1 1 1
386 3474 -0.9998215041513263 -0.05032304629882456 0.058493468236769375 0.9988546562777731 1 1 1 1 1 1 1
387 3483 -0.9998134377080864 -0.05313646156805141 0.06180539027526688 0.9989222480794251 1 1 1 1 1 1 1
388 3492 -0.999815182942515 -0.08563342799566466 0.0790920654894561 0.9988254398448819 1 1 1 1 1 1 1
389 3501 -0.9998187238393418 -0.018570715632446205 0.02708238612027974 0.9986277573167596 1 1 1 1 1 1 1
390 3510 -0.9998173661935816 -0.02554371443763505 0.03342829492016018 0.99851205498549 1 1 1 1 1 1 1
391 3519 -0.9998285482795585 -0.038146337821721624 0.0452833383019569 0.9985711793539338 1 1 1 1 1 1 1
392 3528 -0.9998133727525408 -0.09229835316274292 0.08947327184115178 0.9985058571619064 1 1 1 1 1 1 1
393 3537 -0.9998150804435837 -0.07619223123132973 0.06925038018229807 0.9986054157499298 1 1 1 1 1 1 1
394 3546 -0.9998104441093578 -0.05978562575700153 0.05443543615339038 0.9985681540530329 1 1 1 1 1 1 1
395 3555 -0.9997962743818183 -0.045758703433589974 0.04906968745715682 0.9988016151757687 1 1 1 1 1 1 1
396 3564 -0.9998105376795352 -0.06405497999542957 0.06803560457850302 0.998902606456115 1 1 1 1 1 1 1
397 3573 -0.9998346196236076 -0.054319564276653264 0.058234162184891324 0.9989891638889641 1 1 1 1 1 1 1
398 3582 -0.9998290074850902 -0.04469582748165849 0.04801222484476622 0.9989145880374903 1 1 1 1 1 1 1
399 3591 -0.9998424687865611 -0.021291291751287366 0.01767663213839824 0.9988663930335869 1 1 1 1 1 1 1
400 3600 -0.9998893640685811 -0.01070673310879489 0.007477364876660967 0.9989773486935741 1 1 1 1 1 1 1
401 3609 -0.9998986990879731 -0.0022734291903427554 0.0010268598501055194 0.9990293035923026 1 1 1 1 1 1 1
402 3618 -0.9999037954760615 -0.06724083580109502 0.07060319113218314 0.9990352023343777 1 1 1 1 1 1 1
403 3627 -0.9998998778397481 -0.06273308887231008 0.06686820961017448 0.9991288390631865 1 1 1 1 1 1 1
404 3636 -0.999899284351689 -0.07347238006980474 0.07735605382734767 0.9991553063786912 1 1 1 1 1 1 1
405 3645 -0.999896338799262 -0.0779340754451133 0.08171455259582931 0.9991854976044571 1 1 1 1 1 1 1
406 3654 -0.999895570311906 -0.16448563529885527 0.1682141826297692 0.999280901876172 1 1 1 1 1 1 1
407 3663 -0.9998992127372679 -0.18877100885160028 0.19257515491776742 0.9993163695452977 1 1 1 1 1 1 1
408 3672 -0.9999080522601634 -0.2643869675529042 0.26778533039500624 0.999382076552538 1 1 1 1 1 1 1
409 3681 -0.9998992434482938 -0.2288206102887359 0.23252591378956267 0.9993798473983099 1 1 1 1 1 1 1
410 3690 -0.9998995180328767 -0.3107791434955097 0.3147785657087686 0.9993710115249621 1 1 1 1 1 1 1
411 3699 -0.9998884197594392 -0.2824597536762349 0.2867768037962667 0.9994132510031772 1 1 1 1 1 1 1
412 3708 -0.9998870211648836 -0.28394673738479 0.288852616753282 0.9995582076881002 1 1 1 1 1 1 1
413 3717 -0.9998942608930985 -0.28033670899947544 0.2848589597325983 0.9995561916718696 1 1 1 1 1 1 1
414 3726 -0.9999001549157633 -0.2466617229894718 0.2507788352310784 0.9995767378519802 1 1 1 1 1 1 1
415 3735 -0.9998972718417536 -0.26315291238103705 0.26763402195705166 0.9995568372248043 1 1 1 1 1 1 1
416 3744 -0.999877352853242 -0.22313126230185276 0.22955343930848168 0.999565890524773 1 1 1 1 1 1 1
417 3753 -0.9998847530708781 -0.18611701372704761 0.19226435494614927 0.9995838110217887 1 1 1 1 1 1 1
418 3762 -0.9998982448002942 -0.1633665746458784 0.16884419959229097 0.9995060282018934 1 1 1 1 1 1 1
419 3771 -0.9998911095086812 -0.13552699533368348 0.14176578353058225 0.9995263477237833 1 1 1 1 1 1 1
420 3780 -0.9998919537160705 -0.1142194415550438 0.1204901121654658 0.9995618288318039 1 1 1 1 1 1 1
421 3789 -0.9998868040920819 -0.16380562873255558 0.16943383692433972 0.999566387257796 1 1 1 1 1 1 1
422 3798 -0.9998907606071791 -0.13560741276178165 0.14138086043989187 0.9995472089380459 1 1 1 1 1 1 1
423 3807 -0.9998966538209735 -0.15023643671692805 0.15563329388081104 0.9995507508449728 1 1 1 1 1 1 1
424 3816 -0.9999029587915963 -0.18252404098312605 0.18775985799678702 0.9995193499597705 1 1 1 1 1 1 1
425 3825 -0.9999086476240877 -0.20536864770197893 0.20937559511575485 0.9995477200225925 1 1 1 1 1 1 1
426 3834 -0.9999148297120123 -0.18551926189692816 0.18922421244609144 0.999514545367841 1 1 1 1 1 1 1
427 3843 -0.9999129579275033 -0.19337354117585615 0.19603429746706827 0.9994774917483669 1 1 1 1 1 1 1
428 3852 -0.9999209723017964 -0.1925942979772469 0.1948709167075176 0.9994563049606408 1 1 1 1 1 1 1
429 3861 -0.9999178532800406 -0.13054025184251042 0.13240587265007886 0.9994182586674517 1 1 1 1 1 1 1
430 3870 -0.9999161038113547 -0.18513916991322882 0.18715211952958816 0.9994373107076969 1 1 1 1 1 1 1
431 3879 -0.9999206085901767 -0.17798170802387403 0.18006028007673391 0.99944793487311 1 1 1 1 1 1 1
432 3888 -0.9999197973854163 -0.08318280820124492 0.08591241900404337 0.9994665617770383 1 1 1 1 1 1 1
433 3897 -0.9999238687041485 -0.0196517600862767 0.023043837898048185 0.9994276263585606 1 1 1 1 1 1 1
434 3906 -0.9999221963069035 -0.0498261112434685 0.05339362389333028 0.9994240393459453 1 1 1 1 1 1 1
435 3915 -0.9999049922550932 -0.006154029505208409 0.01105911613551477 0.9993802585285929 1 1 1 1 1 1 1
436 3924 -0.9998982062430539 -0.025080308944269526 0.030003663199123433 0.9993340025270605 1 1 1 1 1 1 1
437 3933 -0.9998949522211574 -0.031086912802859856 0.03615634248703902 0.9994556815154824 1 1 1 1 1 1 1
438 3942 -0.9999060246383457 -0.09478024902843492 0.09944124242021532 0.9994455630470617 1 1 1 1 1 1 1
439 3951 -0.9999208907195732 -0.11076303469772704 0.11529440440502005 0.9993461178678315 1 1 1 1 1 1 1
440 3960 -0.9999266732749158 -0.10019457015230143 0.10438193174024409 0.9992786986245653 1 1 1 1 1 1 1
441 3969 -0.9999344964187643 -0.0925752994240566 0.09644189470764929 0.9992761316846193 1 1 1 1 1 1 1
442 3978 -0.9999357102205086 -0.051061608812527935 0.05505960001637478 0.9993067769269648 1 1 1 1 1 1 1
443 3987 -0.9999366573454949 -0.1494376956812493 0.15333755026082252 0.999328409844619 1 1 1 1 1 1 1
444 3996 -0.9999419715268686 -0.16094490798130276 0.16391557062669998 0.9992391266741808 1 1 1 1 1 1 1
445 4005 -0.9999381133945131 -0.13341306633090824 0.13625606064552176 0.9992355351615265 1 1 1 1 1 1 1
446 4014 -0.9999386999653825 -0.1487287385843055 0.15169340645022994 0.9992279518269563 1 1 1 1 1 1 1
447 4023 -0.9999455349938854 -0.1762173681133834 0.17878153230317623 0.9992707683933983 1 1 1 1 1 1 1
448 4032 -0.9999485587769749 -0.17414315209520942 0.1769413259857577 0.9992452820812628 1 1 1 1 1 1 1
449 4041 -0.9999506800911783 -0.20997544308937516 0.21212633341447892 0.9992218007617134 1 1 1 1 1 1 1
450 4050 -0.9999457367681764 -0.20565075485228773 0.20741808769122191 0.99915920201982 1 1 1 1 1 1 1
451 4059 -0.9999451756587814 -0.17993742563364415 0.18218262834552695 0.9991853665101103 1 1 1 1 1 1 1
452 4068 -0.9999490560065457 -0.18684664413984292 0.1887784554465501 0.9992624401901016 1 1 1 1 1 1 1
453 4077 -0.9999452031909666 -0.18744043174099845 0.1895820654666083 0.9993268054137727 1 1 1 1 1 1 1
454 4086 -0.9999507647657842 -0.19431544234836637 0.1966692630170343 0.9993620375657796 1 1 1 1 1 1 1
455 4095 -0.9999532280042158 -0.2244906562857987 0.22713505989267624 0.9993527291760672 1 1 1 1 1 1 1
