% # columns="iteration, evaluation, sigma, axis ratio, bestever, best, median, worst objective function value, further objective values of best", seed=157426, Tue Jul  7 12:43:13 2020, <python>{}</python>
1 9 0.0894880850060539 1.0000428580612375 1480.1980100029232 1.4801980100029232e+03 2223073.662777819 5334354.580545917   
2 18 0.08405204507020478 1.159216250095635 1054.2280972745116 1.0542280972745116e+03 4027.5572179691635 183203.1730776188   
3 27 0.0779317156892366 1.2684072266672943 1054.2280972745116 1.5990216777438548e+03 4807.165417787869 5982102.184776281   
4 36 0.07329753080820801 1.4789336871549212 1054.2280972745116 1.6202173095456449e+03 2690.430685007309 1591555.6014045903   
5 45 0.06798905495405791 1.6203894102354597 905.7113746611711 9.0571137466117113e+02 4248.88778560319 3209477.5132702584   
6 54 0.06264193870455027 1.7961754219554273 615.5721028395288 6.1557210283952884e+02 1698.6398766226596 719451.7752424569   
7 63 0.05991169974073619 1.8186841291904394 615.5721028395288 6.5345809049540208e+02 2602.3202396396805 3671951.5549629973   
8 72 0.06304828048557996 1.833687021958579 615.5721028395288 7.7776352193280422e+02 2523.2172705987555 1060926.7027966683   
9 81 0.0594993241870715 2.09190876556139 615.5721028395288 1.7035789441991219e+03 2447.4610943032567 249249.86531685715   
10 90 0.055533059545396904 2.14539958530949 615.5721028395288 1.9135802239408169e+03 3101.4426639863236 4700.632791776368   
11 99 0.05224592256898082 2.2883769650819934 615.5721028395288 1.5732338271807037e+03 2636.783218738269 4013.762159910379   
12 108 0.05604738539218943 2.393841350366034 615.5721028395288 7.6848065355034498e+02 2286.196955795434 3738.328800086987   
13 117 0.05245823555416203 2.781440019922446 594.7359922751295 5.9473599227512955e+02 1617.0885805199025 2262505.552175761   
14 126 0.04743583684021439 2.921333656715162 525.2653670322946 5.2526536703229465e+02 2479.7442143582994 1553623.6630309008   
15 135 0.04374366498807393 2.9577463746187704 525.2653670322946 9.0269676582644706e+02 2637.3940586053873 1826411.8771111425   
16 144 0.03914385546241311 3.0431634873094087 284.63038002438924 2.8463038002438924e+02 1096.1071786456305 1585349.685324164   
17 153 0.03572858034752856 3.1696230133679855 284.63038002438924 5.7257604195234535e+02 1038.3406783809228 507507.7678092365   
18 162 0.03488419944587302 3.042164893495512 240.94563511478398 2.4094563511478398e+02 801.3000051053813 238149.89010504392   
19 171 0.03508959469509838 3.47886119427899 185.82074757251658 1.8582074757251658e+02 554.7748647063823 83332.65513557033   
20 180 0.033439490755187984 3.8142446933961596 185.82074757251658 3.1899563967747054e+02 795.2264811669916 823518.4187134199   
21 189 0.03313856725734067 3.7584462710338418 185.82074757251658 2.2579627890985230e+02 490.2130488737184 978.2605468677781   
22 198 0.036328252901685766 3.896393867439926 185.82074757251658 2.2750840404419534e+02 566.8265477894723 36555.95274848677   
23 207 0.03914361556059875 3.9443883318284043 185.82074757251658 2.6553827645979510e+02 566.4885328886363 1403335.183731913   
24 216 0.04423422924941054 4.305979207563411 177.9509161231521 1.7795091612315210e+02 559.9519037826911 285218.11076815944   
25 225 0.0447590254698403 5.013991674547066 177.9509161231521 2.7076200416029013e+02 777.9908396659415 366468.40045914   
26 234 0.042420323551282835 5.191249353006717 177.9509161231521 3.5589196799410848e+02 718.0857475547788 175406.6698188077   
27 243 0.03588142735014226 5.381863687640696 154.61447503361413 1.5461447503361413e+02 470.0833032428566 426787.16739761207   
28 252 0.03302136692415461 5.375622019943559 154.61447503361413 1.7411672319869191e+02 397.68482768342005 710.8430981785757   
29 261 0.03137220264440079 5.32869623440728 154.61447503361413 1.8716132610265191e+02 404.62362203707914 554.0821631542117   
30 270 0.029739733929282662 5.751320522659456 154.61447503361413 2.1073454644694101e+02 432.2590397224307 238526.22675021886   
31 279 0.02944800042611347 6.091379455262262 154.61447503361413 1.6328856292676201e+02 409.2706501912259 723.6613421160747   
32 288 0.02744320627653003 6.078431062311119 154.61447503361413 1.7248545091104944e+02 421.03525428836303 550.2945103864395   
33 297 0.02886275932362238 6.403555721211693 154.61447503361413 3.0537328578319557e+02 504.0736109901661 580.7752176958039   
34 306 0.030153784914101055 6.7652703176216065 154.61447503361413 2.3283828888160713e+02 386.8096018546143 692.5458941888398   
35 315 0.029767444762882247 7.514659666284649 154.61447503361413 1.7219955525650158e+02 428.8748162030587 554.8707358566647   
36 324 0.026496228399997577 7.666577639280258 143.53073548095787 1.4353073548095787e+02 268.0161269222648 743.6847277466198   
37 333 0.023855278962627045 8.005977244645912 143.53073548095787 1.4615791511361869e+02 224.78408386000692 376.12862511994496   
38 342 0.022296274209435515 8.257055421120338 143.53073548095787 1.8621188047966265e+02 261.51933548986267 327.5996238924068   
39 351 0.02105365617396419 8.664360287309183 143.53073548095787 1.6498388714992981e+02 240.62776211867637 366.3660420114163   
40 360 0.020267510668022563 8.504491685261721 143.53073548095787 1.8395204937148145e+02 295.36323253682264 340.3038440083469   
41 369 0.017997979553243965 8.779524458090464 143.53073548095787 1.5080867911238295e+02 268.12568422471713 527.1127040210142   
42 378 0.017650131241799972 9.265041147265153 99.20815869262888 9.9208158692628885e+01 195.6960466259949 252.72427639877355   
43 387 0.016020238298705088 10.286685008056882 99.20815869262888 1.1428463308947867e+02 184.53978132743026 334.52524346801175   
44 396 0.013712487963768873 10.503267226246068 99.20815869262888 1.1870196800263116e+02 182.9000378827204 347.1923968597229   
45 405 0.013318083012632088 11.247623858143385 97.84110014498452 9.7841100144984523e+01 163.81396393303734 264.5737955353679   
46 414 0.012589389301246603 11.47876744244308 97.84110014498452 1.2372313488553173e+02 153.27939367143847 247.77032116081767   
47 423 0.013325171384636136 12.355134641976415 90.95335616958525 9.0953356169585248e+01 152.1716361337236 245.65057110618625   
48 432 0.0122478493427584 13.040342498822461 90.95335616958525 1.0391759468748891e+02 142.4911620889398 264.9031133519057   
49 441 0.011246503918230934 13.01299916611091 90.95335616958525 1.0796692641042964e+02 146.78353216452038 304.8051226420918   
50 450 0.01098775062560963 13.49378805226453 90.95335616958525 1.1676524365080938e+02 138.7784257087273 253.19805748990302   
51 459 0.012030004691692592 14.042319630376463 90.95335616958525 1.0698299908695388e+02 153.93544906304766 186.00880485060955   
52 468 0.011747048799439356 14.789137527633171 90.95335616958525 9.7273613619745532e+01 157.58295144446643 193.5723117915679   
53 477 0.011646946089314193 15.587770795260433 90.95335616958525 1.0746767226272588e+02 137.49205012010714 173.99691256854098   
54 486 0.011572924575131222 15.565597319644862 90.95335616958525 1.0040569050577508e+02 128.61120927089587 145.71597756491298   
55 495 0.01031273208797582 16.040427368357424 90.95335616958525 9.6499239367531061e+01 122.16558500516129 159.72657057243345   
56 504 0.010134935434687013 16.704611686212083 90.95335616958525 9.9759525119961395e+01 113.0326433575841 144.74913492404775   
57 513 0.0095171417532377 17.302216845029264 90.95335616958525 1.0597121180688681e+02 119.50870795307927 171.26835095834682   
58 522 0.00930243484162265 18.433227115459985 86.67389318910996 8.6673893189109961e+01 119.42201323708287 156.75452395816217   
59 531 0.008860997382819414 19.595692675998063 86.67389318910996 9.9399699482000656e+01 106.49513118551535 148.73011601288846   
60 540 0.007393968433512973 21.23497951013149 86.67389318910996 8.8966496431027892e+01 118.70250081614813 132.62919541350752   
61 549 0.007846360565640092 20.653436641078706 86.67389318910996 8.8451163530135943e+01 105.62931793219613 118.62936110551034   
62 558 0.006897584661729486 24.432508014029832 86.67389318910996 9.3856137679656925e+01 109.79739966461109 141.27552088565554   
63 567 0.0062350792194723935 26.70813474698286 86.67389318910996 8.7914702306828715e+01 95.28874271037262 122.01991473167115   
64 576 0.005729260739495654 26.96072245450549 84.0239307421492 8.4023930742149204e+01 95.46038136951422 115.44328413625442   
65 585 0.006072109918324852 29.713947231572053 79.91141466407768 7.9911414664077682e+01 93.8164474375133 114.05227718304158   
66 594 0.006570939872799601 31.64750400871685 79.91141466407768 8.4641728635387508e+01 95.44042066886908 109.68428115775156   
67 603 0.007074347054888726 31.189520453666123 78.88104401405681 7.8881044014056812e+01 85.27036532674023 102.99998245178499   
68 612 0.006854071061130387 32.245716391427244 78.88104401405681 8.1690534793602566e+01 89.68387582467837 111.77126131298128   
69 621 0.0063253347123716 35.00024460325662 78.88104401405681 7.9464271773821309e+01 88.16138062374952 119.58511894990284   
70 630 0.006513695667917148 36.87244394082829 78.88104401405681 8.2714096327325535e+01 88.75195097431777 96.16175357485552   
71 639 0.006450215673724195 37.07087797956002 78.87171748225758 7.8871717482257580e+01 87.53410612320204 104.98363542187221   
72 648 0.006329235065616615 38.787375289283844 71.20472262195925 7.1204722621959249e+01 88.65439712177928 108.17849560197868   
73 657 0.006154865845046181 41.55748522418981 71.20472262195925 7.5500116972187669e+01 80.66094965343761 95.20408085169066   
74 666 0.005933936495104392 42.08852638897934 71.20472262195925 7.3557479207716995e+01 79.61097748968648 94.64385151531735   
75 675 0.005856280487409875 48.118986461975084 71.20472262195925 7.3503466717237941e+01 78.71526428663276 88.64054513576404   
76 684 0.005826768503523478 47.85399144811988 70.62953536477261 7.0629535364772607e+01 81.75612668501273 88.34407338444325   
77 693 0.00635540073179523 53.979851149391564 68.24430650564301 6.8244306505643010e+01 74.71560967888756 89.17070250489698   
78 702 0.0072097207132315495 57.00512892651689 68.24430650564301 6.8330143408707173e+01 71.4233796365247 93.12597041191898   
79 711 0.00786089859380464 69.35768550709037 60.40291345417409 6.0402913454174090e+01 70.67795455101586 80.21665536931931   
80 720 0.008439197319268758 74.76047036980307 60.40291345417409 6.2138396952230771e+01 73.53553395572337 77.40014861904045   
81 729 0.008522594170287506 76.1577696980788 60.40291345417409 6.7713206312519162e+01 71.17040470277264 79.64222405060798   
82 738 0.009614217716918397 84.03759881908084 55.4395900004153 5.5439590000415301e+01 67.8609617521218 88.78996661231224   
83 747 0.010373267028632067 90.97802038776716 55.4395900004153 5.6121248410546855e+01 67.96376108964354 77.72867574397185   
84 756 0.011531913976676227 94.36547343830551 40.93527044100981 4.0935270441009813e+01 56.28841911703215 77.2681067602156   
85 765 0.01370703693513546 98.85955628274864 40.889811211011306 4.0889811211011306e+01 51.23396943408175 70.31794637413212   
86 774 0.01444366961977395 116.67536260291904 40.889811211011306 4.1450108145429745e+01 49.25439797546594 81.41703138328702   
87 783 0.017714922946094194 120.85086751177278 16.897823985512506 1.6897823985512506e+01 59.55990442067787 84.83239941541278   
88 792 0.019610841218958414 124.70073077389723 15.235279720573162 1.5235279720573162e+01 30.994796316212458 60.81320426228541   
89 801 0.021134798746645072 124.84639688551555 10.030890682197956 1.0030890682197956e+01 33.096054990748016 60.608069980477396   
90 810 0.022452178180528245 131.46799760236055 10.030890682197956 2.0575665596366520e+01 35.98367252407798 59.81538079573112   
91 819 0.023236427781833397 130.80209366851471 10.030890682197956 1.6092106442187472e+01 30.54337681715138 48.673623347770686   
92 828 0.02101522429297076 137.72785123887573 10.030890682197956 1.3736070631962193e+01 36.029291446116666 63.652062329007485   
93 837 0.019125273098735244 136.71637182677205 10.030890682197956 1.4779502965429376e+01 40.51266930360759 76.92932229489928   
94 846 0.018676093762078478 141.736281270795 10.030890682197956 2.0427976541606558e+01 29.716911454119366 46.771630052900946   
95 855 0.01615117758235636 140.45502786403094 10.030890682197956 1.4807771210703153e+01 26.8324469851769 41.0449707977715   
96 864 0.015926668564270482 129.1692041045208 8.3299724965104 8.3299724965104005e+00 23.757998332673026 43.43982628113343   
97 873 0.01415943299493584 126.39352554860515 8.3299724965104 1.3688583188678567e+01 20.91658294033056 33.94757693074424   
98 882 0.012732323179881298 138.54714853124636 6.803415084213327 6.8034150842133272e+00 20.9115495410863 25.796187278765107   
99 891 0.012205053760968799 141.2073826359045 6.0272844512719415 6.0272844512719415e+00 18.080381571700258 37.30694767980339   
100 900 0.01280937813418138 146.80730053764776 6.0272844512719415 1.0154775896776759e+01 17.00476372718919 22.288186104746025   
101 909 0.012157925305426826 143.09829102943874 6.0272844512719415 6.6269565654225380e+00 19.82303303196476 28.666011169617   
102 918 0.011944724435197257 140.47671262379205 6.0272844512719415 7.5088181059229369e+00 19.8856711136382 28.681289357580695   
103 927 0.01112529204036337 141.19887381275524 5.123652891049025 5.1236528910490247e+00 9.35822179814085 24.155128183967918   
104 936 0.010622444901311447 147.22232479394603 5.123652891049025 5.9366515409277572e+00 12.055668550441641 28.050388333514366   
105 945 0.0109695099365712 151.64725600049752 5.123652891049025 6.9311743078112737e+00 9.550770154991861 22.954972647255303   
106 954 0.011019781773916706 151.10614779741815 5.123652891049025 7.4784871396729411e+00 11.585571198697705 28.062107235960482   
107 963 0.010932256629106026 160.1455779755179 4.95631540277512 4.9563154027751199e+00 14.368184242046942 26.995039461300422   
108 972 0.010346599520021607 161.43961936174364 4.95631540277512 5.6860377612254887e+00 12.915813448605993 20.61300823490075   
109 981 0.009283176370123639 164.43959088622344 4.95631540277512 7.1015787982278420e+00 14.045475269214082 19.69757200091299   
110 990 0.009252073655016 165.58020488254374 4.95631540277512 5.7711172915249200e+00 13.231819022929509 15.414942609394911   
111 999 0.00818394495416644 175.23462558559686 2.6100049357449566 2.6100049357449566e+00 7.713839899007241 11.666144953475618   
112 1008 0.007171185443727158 178.47392049208827 2.6100049357449566 3.1504722254310247e+00 10.103849677146208 14.261055907584131   
113 1017 0.006547031129455775 189.13947229965754 2.6100049357449566 3.6066341801812931e+00 7.048543937235888 8.606183820393676   
114 1026 0.00610683790373258 196.20584634279555 2.6100049357449566 3.6213551875777830e+00 7.4734695020965205 11.201767007562282   
115 1035 0.005837087471287796 199.62125216666033 2.6100049357449566 3.6695350857033113e+00 5.245929068792823 10.55987125500294   
116 1044 0.0053856401070236405 198.55580822828657 2.1141491794296856 2.1141491794296856e+00 6.069863783137741 9.30155078849455   
117 1053 0.00509327130334512 211.7524017213691 2.1141491794296856 2.9592331737170001e+00 5.593906702459153 9.611191854724716   
118 1062 0.004557276206943273 228.1916148987772 2.1141491794296856 2.1293444069275251e+00 4.195320713965798 6.8504230313101075   
119 1071 0.0039165061442653646 224.39272505649072 2.1141491794296856 2.6351688997809681e+00 4.631368541086676 7.55102449238093   
120 1080 0.0035899642510714793 226.59189217487844 2.1141491794296856 2.2308916199690483e+00 4.075416216277898 5.499982361050307   
121 1089 0.0032795388058318897 234.41848202261744 1.8471966147382033 1.8471966147382033e+00 3.5413428685321673 5.118844216439572   
122 1098 0.003017555387369485 259.3468437293587 1.8471966147382033 2.4037896727769725e+00 3.0992107374190687 4.597781352367766   
123 1107 0.002671304821163523 277.59055961741484 1.8471966147382033 2.4758235820045065e+00 3.0949468804620395 4.821403956480497   
124 1116 0.002588505443735531 272.1541345084185 1.8471966147382033 2.3277959065074869e+00 3.010362683307123 3.1843230145995034   
125 1125 0.0026073817181028703 276.76574818729006 1.548770018849134 1.5487700188491340e+00 2.7868007277502502 3.7535254375291434   
126 1134 0.0027587186333377094 276.15474772690925 1.548770018849134 2.0713924626064055e+00 2.7046166252359956 3.2098772642884374   
127 1143 0.0026853685459465007 276.59094877928294 1.548770018849134 2.0676435710797660e+00 3.0663476211127585 4.117275771197583   
128 1152 0.0024603609040305574 280.5731570106222 1.548770018849134 2.1092707948078671e+00 2.70874812067272 3.043404516505523   
129 1161 0.0021471722133172525 304.02421338303395 1.548770018849134 1.8827183899014410e+00 2.5961622683307084 3.2114851661295853   
130 1170 0.00199319314761174 314.30558071097755 1.548770018849134 2.0619515485756574e+00 2.234845535648822 2.683181360070773   
131 1179 0.002000291320077542 316.09166117099903 1.548770018849134 2.0366145208499744e+00 2.5481813637773043 3.055171680283097   
132 1188 0.0019273042507132 317.66394614239596 1.548770018849134 1.9841663990048819e+00 2.6997008085419534 3.1147649755602935   
133 1197 0.0017583592145921816 327.0116772004731 1.548770018849134 1.8244949848914154e+00 2.3389551600879965 2.96208223317513   
134 1206 0.0016080644716055404 352.62370907636495 1.548770018849134 1.5649690661490312e+00 1.9892310011306842 2.72471704371863   
135 1215 0.0016134290019900904 345.9415521571154 1.548770018849134 1.6186684956453690e+00 1.973085042998058 2.7902316922814125   
136 1224 0.001684931551522379 362.44393082831573 1.548770018849134 1.6254305492077128e+00 2.03333223223131 2.2999157083358233   
137 1233 0.0015949625693070795 366.03413919906814 1.548770018849134 1.6809954357374841e+00 1.8439259179313123 2.4247724698617015   
138 1242 0.0014941484554771632 373.40335827521517 1.548770018849134 1.6327106216791958e+00 2.020610897689653 2.323406583806559   
139 1251 0.0014657621762245226 418.7821395520669 1.548770018849134 1.6055354283759198e+00 1.9465006686446633 2.3630130371834435   
140 1260 0.0014295783149588118 499.6404862212445 1.540272778466366 1.5402727784663659e+00 1.8442643352573758 2.177376142402898   
141 1269 0.001346623039403298 485.1424732961283 1.540272778466366 1.8282540547825488e+00 1.9619432030845347 2.160488503488588   
142 1278 0.0014180151780215893 467.6741136972125 1.540272778466366 1.6446807309086398e+00 1.8314149601593148 2.1447954946167562   
143 1287 0.0014543041453101006 512.7936279441019 1.540272778466366 1.7437180670475492e+00 1.9678681077409803 2.348512952001617   
144 1296 0.0014145995246227848 542.0363938719671 1.540272778466366 1.6664709382962337e+00 1.7629331448741632 2.124557260853618   
145 1305 0.0012554760482169846 555.5586297368084 1.4323039308765093 1.4323039308765093e+00 1.9602916916399442 2.3669329530452274   
146 1314 0.0012002460779761246 539.0497576756536 1.4323039308765093 1.6759793872605269e+00 1.7485602671754383 1.9298047221762318   
147 1323 0.001038746721478214 482.9958905656474 1.426796756909398 1.4267967569093980e+00 1.7964943063357464 2.1502258100521554   
148 1332 0.000933374048193443 500.211754782475 1.426796756909398 1.4827011481653019e+00 1.6676796109006922 1.9426979832854407   
149 1341 0.0008087491377549824 508.03385210871176 1.426796756909398 1.5406243832412305e+00 1.5982777434434376 1.7846903539955705   
150 1350 0.0007119409616581171 511.5395993297871 1.426796756909398 1.5029254158952892e+00 1.6311694454130554 1.7126513966350831   
151 1359 0.0006463086657074353 519.6105062436432 1.426796756909398 1.4437908515789208e+00 1.5448680908930366 1.6618934434467276   
152 1368 0.0006144890797878607 503.7650398670851 1.426796756909398 1.4801406190563420e+00 1.5544586901015498 1.6723371560428781   
153 1377 0.0005716329298723768 522.6531921421536 1.426796756909398 1.4869764995392367e+00 1.5216619872411354 1.5592089907057856   
154 1386 0.0005541191534033995 538.8549623293881 1.426796756909398 1.4740512026993156e+00 1.5351961394661588 1.6506149295355363   
155 1395 0.0005257904933712441 553.2072895350693 1.426796756909398 1.4312546074144930e+00 1.5532725951615889 1.5962666113724162   
156 1404 0.0005031936476682401 571.4194915902458 1.413953876114425 1.4139538761144250e+00 1.495004967978553 1.6216808544893846   
157 1413 0.00042739769361932825 623.1507305619219 1.413953876114425 1.4488639761029389e+00 1.5022310489222002 1.5750503039274917   
158 1422 0.00038076530971836096 640.9171594210387 1.413953876114425 1.4168437224323223e+00 1.4527114963459045 1.5418867983470068   
159 1431 0.00033531287071963647 666.0255335271722 1.413953876114425 1.4382057961249086e+00 1.483670057911386 1.52318024129385   
160 1440 0.0002976457504415991 694.5671386700005 1.413953876114425 1.4357822405953038e+00 1.4645425546976811 1.512983133459327   
161 1449 0.0002736479929587947 722.8716386427245 1.413953876114425 1.4348187919654258e+00 1.4622056225034783 1.4971121147545194   
162 1458 0.00026050734677857075 775.7840062069989 1.413953876114425 1.4205761024451740e+00 1.4695337972835933 1.4860999270294235   
163 1467 0.00023884496619141978 831.8857560309303 1.4120789324780028 1.4120789324780028e+00 1.447540623552121 1.4801235076938197   
164 1476 0.0002114429214954522 881.189470634841 1.4120789324780028 1.4277523104560939e+00 1.4458040039748856 1.465138075599358   
165 1485 0.0001867644259091321 882.5704683773413 1.4120789324780028 1.4164228355341573e+00 1.4313617306203696 1.4850442477607317   
166 1494 0.0001688185178610479 898.1506202034656 1.4120789324780028 1.4123533204467560e+00 1.427711987206794 1.4709476707644455   
167 1503 0.00015415221949383493 938.9357976456179 1.4060452921367694 1.4060452921367694e+00 1.4250287139404043 1.4419894444629255   
168 1512 0.00016056157417379977 986.5430635469215 1.4060452921367694 1.4117396554994979e+00 1.426857525125775 1.4364387689838327   
169 1521 0.00014872268328405282 1093.93286691762 1.4060452921367694 1.4094480674157466e+00 1.4210218107047217 1.4363258043737446   
170 1530 0.00012143934517109724 1106.4911815236694 1.4060452921367694 1.4102529381782154e+00 1.426034859709067 1.4441864856805375   
171 1539 0.0001123330756279984 1121.6902737785808 1.4060452921367694 1.4097064473823857e+00 1.4165967881332437 1.435470580587197   
172 1548 9.593691327012208e-05 1124.379074578182 1.4060452921367694 1.4095773621927095e+00 1.417713134740213 1.4253496842653903   
173 1557 9.067318967111789e-05 1141.1348968974564 1.4060452921367694 1.4068350115688690e+00 1.415041336308342 1.4251533830232803   
174 1566 8.492889574979276e-05 1146.2831493664494 1.4060452921367694 1.4076958682586360e+00 1.4101557075041171 1.4251937030796693   
175 1575 8.566667994507673e-05 1224.7702528183252 1.4060452921367694 1.4065753962548990e+00 1.4120103374789161 1.4270959589283643   
176 1584 8.701771327008676e-05 1353.664440725088 1.4060407214102926 1.4060407214102926e+00 1.4108731862138606 1.4153689005220667   
177 1593 8.105556610811553e-05 1325.1165368455654 1.4053102848934926 1.4053102848934926e+00 1.4092242487763769 1.4137620127589314   
178 1602 7.057906192220178e-05 1362.602615364141 1.4048926045688575 1.4048926045688575e+00 1.4103270621517 1.4161911759681491   
179 1611 6.508267174947081e-05 1397.8834453610903 1.4048926045688575 1.4059284759947057e+00 1.4099162891811683 1.4148362825745118   
180 1620 5.5148285360450806e-05 1443.3936236196835 1.403955284490239 1.4039552844902390e+00 1.4094545172857103 1.4169903213500707   
181 1629 5.509083818131339e-05 1484.777577033444 1.403955284490239 1.4052818349460692e+00 1.4069355166203275 1.413713068422205   
182 1638 5.4004432151011665e-05 1632.1262427180013 1.403955284490239 1.4046035364490808e+00 1.4098983744363112 1.4140909791263516   
183 1647 4.829904660765634e-05 1751.3438493657002 1.403955284490239 1.4056273628482712e+00 1.4085488543922207 1.41253665177877   
184 1656 4.094440871520959e-05 1932.4122410458876 1.4036994799347258 1.4036994799347258e+00 1.4074252343424956 1.4104160265273524   
185 1665 3.740054023745646e-05 1944.4956260291524 1.4036994799347258 1.4041824244474981e+00 1.4062966235095153 1.4073071071998675   
186 1674 3.209219907129848e-05 1894.9998516853632 1.402660325576228 1.4026603255762280e+00 1.4053965152862702 1.4080910157639197   
187 1683 2.902275718118867e-05 1925.5195666119826 1.402660325576228 1.4035955180537045e+00 1.4051570363059176 1.4071196625007567   
188 1692 2.769219048243188e-05 1987.6443142586986 1.402660325576228 1.4037891721199547e+00 1.4046891356781885 1.4071819226175877   
189 1701 2.4346100431845237e-05 2093.2078413752884 1.402657693108207 1.4026576931082071e+00 1.4037911536224204 1.4054568775453666   
190 1710 2.1739135637931754e-05 2132.485383177076 1.4026004011376645 1.4026004011376645e+00 1.4039927701413315 1.404588496058301   
191 1719 2.0370659223515212e-05 2177.888253666515 1.4026004011376645 1.4031544180059805e+00 1.4034584783674215 1.4057550388756197   
192 1728 1.876800311070305e-05 2390.31146352152 1.4026004011376645 1.4027059451797239e+00 1.403785336283097 1.4046813871011796   
193 1737 1.8523587177130376e-05 2449.845391324049 1.4026004011376645 1.4029007416449963e+00 1.4037974056364135 1.4039335107869715   
194 1746 1.743418435155758e-05 2688.651248605052 1.4025530654460772 1.4025530654460772e+00 1.4028245183359054 1.4046651064732203   
195 1755 1.651512445379496e-05 2914.091060896526 1.4023499977938048 1.4023499977938048e+00 1.4032307975620801 1.4038111815197158   
196 1764 1.5170843992126184e-05 2999.7228925747445 1.4023499977938048 1.4025097154381114e+00 1.402885689662944 1.403818912551774   
197 1773 1.2790202558384704e-05 3105.9452126081555 1.4023499977938048 1.4025828235664550e+00 1.4030968607055183 1.403458648836913   
198 1782 1.0905464540077247e-05 3185.3507498493796 1.4022153686872547 1.4022153686872547e+00 1.4027031622422517 1.4033201950817635   
199 1791 9.52252739893534e-06 3475.7704068517874 1.4022153686872547 1.4023578553154419e+00 1.4025582494952529 1.4029414511847786   
200 1800 8.88264315421993e-06 3306.496858120673 1.4022153686872547 1.4024229220323252e+00 1.402508215693565 1.4027836393107975   
201 1809 9.91031401032707e-06 3332.0875918577226 1.4022153686872547 1.4023983953231938e+00 1.4026344248308584 1.4028385844194586   
202 1818 1.0607385724395992e-05 3535.1116506238654 1.4022153686872547 1.4022891281415832e+00 1.4025719029994854 1.4027927074128614   
203 1827 1.1241383896183304e-05 3752.0005555332764 1.4022153686872547 1.4022851031914922e+00 1.4026182006595695 1.4027395879783728   
204 1836 1.1983562069677173e-05 3914.071874300575 1.4022153686872547 1.4022895152118360e+00 1.4025084713376825 1.4029244172168067   
205 1845 1.2535643416789106e-05 4042.4260787302496 1.4022153686872547 1.4024346382115300e+00 1.4028294460270718 1.4031553295140324   
206 1854 1.3888784886522104e-05 4324.118419019205 1.4022153686872547 1.4023908562109793e+00 1.4026161329647033 1.4028751472294116   
207 1863 1.4285456614282227e-05 4384.650814532959 1.4022153686872547 1.4024658510872996e+00 1.4026256545493105 1.4030302439497269   
208 1872 1.1768926934914294e-05 4697.134897646865 1.4022153686872547 1.4023538145445931e+00 1.4025408748310073 1.4029090918344094   
209 1881 1.0460992829468665e-05 4862.345621602704 1.4022153686872547 1.4023701403655786e+00 1.4026031900748115 1.402833998238283   
210 1890 9.11511717595968e-06 5027.290200090254 1.4022153686872547 1.4022706306791519e+00 1.4025073155858696 1.4028816585411958   
211 1899 8.396720378192617e-06 5087.820302979653 1.4022153686872547 1.4022561541197285e+00 1.4024334561326224 1.4026653137126943   
212 1908 9.180112122672453e-06 5347.491563837972 1.4022153686872547 1.4023266454214638e+00 1.402408772058102 1.4026202792422255   
213 1917 8.436723672780494e-06 5710.199051229351 1.4022153686872547 1.4022775938101881e+00 1.4024080137978205 1.4026723048130156   
214 1926 8.345818714188182e-06 6164.941997985564 1.4021888108550251 1.4021888108550251e+00 1.402361546371061 1.402448442682338   
215 1935 7.944619387716596e-06 5908.63690531796 1.4021888108550251 1.4022392093916698e+00 1.4022981985627656 1.4026208767642674   
216 1944 7.378165921917596e-06 6205.887691787422 1.4021855816145217 1.4021855816145217e+00 1.4023476652872198 1.4025065471901224   
217 1953 6.651739538005663e-06 6354.449820429459 1.4021855816145217 1.4021952912434676e+00 1.4023213167312372 1.4024384398892034   
218 1962 5.853522911580904e-06 6257.1161663408675 1.4021855816145217 1.4022055564316940e+00 1.4023200928987944 1.402412382899587   
219 1971 5.521830411324291e-06 6815.108254315847 1.4021855816145217 1.4022317810392189e+00 1.4022837159008246 1.4023880219301634   
220 1980 5.33691626943283e-06 7661.715566047961 1.4021855816145217 1.4022353704681405e+00 1.4023000147932057 1.4023428981489376   
221 1989 4.642823976358976e-06 8274.337081366468 1.4021855816145217 1.4022434990169461e+00 1.4023205126343259 1.4023911971117269   
222 1998 4.605744830728539e-06 8365.11032990147 1.4021670467393028 1.4021670467393028e+00 1.402230753980395 1.402300817675391   
223 2007 4.367224495318167e-06 8333.436264373006 1.4021670467393028 1.4022068164798862e+00 1.4022459376949477 1.4023122889328694   
224 2016 4.202787306009746e-06 8998.212035277249 1.4021418025227286 1.4021418025227286e+00 1.4022226606648478 1.4022985728440927   
225 2025 3.937753752942428e-06 9600.025515742234 1.4021418025227286 1.4021604521510762e+00 1.4021891966909004 1.4023194279050233   
226 2034 3.5664506045731877e-06 9820.128790110293 1.402118609611397 1.4021186096113969e+00 1.4022032444372179 1.4022957618006342   
227 2043 3.2433212424319416e-06 9960.213916323846 1.402118609611397 1.4021535379533860e+00 1.4021875322094512 1.4022060981958975   
228 2052 3.262744237801482e-06 10013.601090972792 1.402118609611397 1.4021503815927270e+00 1.4021944504837889 1.4022099950963547   
229 2061 3.095768244395914e-06 9955.129020008662 1.402118609611397 1.4021569687601121e+00 1.4021830343289674 1.4022450347739746   
230 2070 3.478832248752704e-06 10046.059077097856 1.402118609611397 1.4021477334752854e+00 1.4021821943489177 1.402242018501803   
231 2079 3.42475600025807e-06 11437.157638375387 1.402118609611397 1.4021388426179169e+00 1.402167011554469 1.402203039304175   
232 2088 3.452720851945377e-06 11676.338036075198 1.402118609611397 1.4021248465651024e+00 1.402159047961751 1.4022190560049899   
233 2097 3.56460568155158e-06 11340.047170910804 1.4021078924254438 1.4021078924254438e+00 1.4021557402755638 1.4021756948092627   
234 2106 3.484403393226559e-06 11391.07081272747 1.4021078924254438 1.4021151368400615e+00 1.4021300995741244 1.4022128864075274   
235 2115 3.3901699061137176e-06 11832.51770225233 1.402103841018792 1.4021038410187920e+00 1.40214616079576 1.4022079697540655   
236 2124 3.6206271329741106e-06 12646.425611644037 1.402103841018792 1.4021047284261461e+00 1.4021260341967836 1.4021755376012106   
237 2133 3.891551366054633e-06 13788.22719477248 1.402103841018792 1.4021042910051165e+00 1.4021216826404337 1.402163044946152   
238 2142 3.911148985331902e-06 15186.832217624045 1.402103841018792 1.4021184070170483e+00 1.4021540828372874 1.4022079349020615   
239 2151 3.942256831134823e-06 17013.06186850665 1.4020966890755657 1.4020966890755657e+00 1.4021481149086104 1.402191710807556   
240 2160 4.132558589822921e-06 16667.800728460465 1.4020829543129931 1.4020829543129931e+00 1.40212072347117 1.4021508054802403   
241 2169 4.257022305875478e-06 16457.464309628096 1.402079660408454 1.4020796604084540e+00 1.4021038216095167 1.4021194862208188   
242 2178 4.696215176902666e-06 16961.98076052502 1.402079660408454 1.4020806852031509e+00 1.402100955606974 1.4021179161068131   
243 2187 5.496799144680203e-06 18473.319958609747 1.4020543105702654 1.4020543105702654e+00 1.4020709648631706 1.4021770935426503   
244 2196 6.0792582613749955e-06 20478.693440759005 1.4020543105702654 1.4020576453728963e+00 1.4020744898918542 1.402128991363843   
245 2205 6.9386766254310385e-06 22996.844208945968 1.4020293677394966 1.4020293677394966e+00 1.4020731473023302 1.402161379695748   
246 2214 8.730942520290013e-06 22616.865292515253 1.4019925227874404 1.4019925227874404e+00 1.4020676432269272 1.4021368714868685   
247 2223 1.0789900594436997e-05 24146.414684353203 1.4019626524915973 1.4019626524915973e+00 1.402036212951731 1.4021777353659848   
248 2232 1.385660431377039e-05 27166.178492285067 1.401788092010608 1.4017880920106081e+00 1.4020301204514414 1.4021714743671436   
249 2241 1.800534977561664e-05 27438.160267080264 1.401788092010608 1.4017890470447834e+00 1.4019669222378206 1.4020096523329544   
250 2250 2.0341759056131982e-05 28220.4529242488 1.4017769748255062 1.4017769748255062e+00 1.4018393964438018 1.4020107729467828   
251 2259 2.4111222090134752e-05 28524.02805659709 1.4017467907864227 1.4017467907864227e+00 1.4019076007634488 1.4021375676597805   
252 2268 2.4853992101647685e-05 29460.779967557177 1.4017042351844646 1.4017042351844646e+00 1.4018197174319418 1.4019378337630144   
253 2277 2.6252038430553802e-05 29506.41421322434 1.4014699325331468 1.4014699325331468e+00 1.4016998042251914 1.4019392608011856   
254 2286 3.0598599897842875e-05 29664.512009932478 1.4011571037550334 1.4011571037550334e+00 1.4015459387555198 1.4018912808680386   
255 2295 3.6981855224527824e-05 33905.667785869606 1.400860938077251 1.4008609380772510e+00 1.4014136484933306 1.4016853072747393   
256 2304 4.816131108382318e-05 36693.3547220409 1.4006583522169103 1.4006583522169103e+00 1.4010613828051464 1.4014783166987372   
257 2313 6.00803443132622e-05 39379.41499521481 1.4004295839513827 1.4004295839513827e+00 1.4009398450409574 1.4015264109756336   
258 2322 7.333885062460193e-05 41897.23409118243 1.3999835182712796 1.3999835182712796e+00 1.4008583081697372 1.4013662272667147   
259 2331 8.129847020945886e-05 41533.481068061345 1.3999835182712796 1.4002091674260320e+00 1.4011517115276888 1.4013399380470863   
260 2340 8.854720252607985e-05 41198.035913589294 1.399381319749484 1.3993813197494840e+00 1.4006846272406495 1.4023133157896814   
261 2349 0.00010156653956941109 42459.71726555542 1.398971271959283 1.3989712719592831e+00 1.3999658757315467 1.4004050225543005   
262 2358 0.00010459852415752075 51381.33312413589 1.398971271959283 1.3991156321960421e+00 1.399765491380017 1.4006558823128898   
263 2367 0.00012377839939128226 52792.40182828804 1.3976984427451782 1.3976984427451782e+00 1.3989038258354018 1.4003061552569762   
264 2376 0.00014059390144241258 59006.39970417266 1.3968328025859083 1.3968328025859083e+00 1.397849212145112 1.3986500720329176   
265 2385 0.00015886171069630752 64003.27326558369 1.3966133938773873 1.3966133938773873e+00 1.3984023752093377 1.3998241360816268   
266 2394 0.00017436433251357612 66086.52337413594 1.3947221914006807 1.3947221914006807e+00 1.3977498292038841 1.3996661793718772   
267 2403 0.00021549372940152633 73213.94508449936 1.3921041228060858 1.3921041228060858e+00 1.3959442773276065 1.3998008020383077   
268 2412 0.0002683002278280797 74667.81414607675 1.3909433434297023 1.3909433434297023e+00 1.3933234594938038 1.3958438255590704   
269 2421 0.0003311541642297128 79573.82367521356 1.386921968197413 1.3869219681974130e+00 1.3921579667573538 1.396769409971937   
270 2430 0.0003924140797499233 77679.44522220832 1.3849864867210118 1.3849864867210118e+00 1.388786617806299 1.3984969517128365   
271 2439 0.0004534100008415037 75251.78595065848 1.3813911093476339 1.3813911093476339e+00 1.3906316278537165 1.3972082300112503   
272 2448 0.0005237118782864664 75377.98056519822 1.3778832502628988 1.3778832502628988e+00 1.3847281818431965 1.3938187928995207   
273 2457 0.0006523436984875418 81179.58640458471 1.370902613054873 1.3709026130548729e+00 1.3788336510303076 1.3878703823343734   
274 2466 0.0008747785821172548 83790.4068146259 1.3613318735468254 1.3613318735468254e+00 1.3737006281891684 1.3872101890383368   
275 2475 0.0011874349846332198 90179.58442992104 1.3513028254285901 1.3513028254285901e+00 1.368201373532746 1.3764626125766437   
276 2484 0.0013748148417193262 84381.20821578497 1.3378978072247036 1.3378978072247036e+00 1.3548703308985446 1.3867131235454724   
277 2493 0.0013783902865863026 87001.23329099703 1.3378978072247036 1.3457658320020891e+00 1.3521788994904855 1.3996379471049627   
278 2502 0.0015926777172982354 82868.31464462429 1.3285440554220385 1.3285440554220385e+00 1.3443345338423747 1.362042982424232   
279 2511 0.0016654991620143446 84687.60292690873 1.3285440554220385 1.3301256521347899e+00 1.346867958810375 1.36813153754111   
280 2520 0.0017684343399040586 83993.7915181191 1.3108281149491476 1.3108281149491476e+00 1.3382751165620257 1.36057852966318   
281 2529 0.00204915082771482 84175.26367761004 1.3058464746389211 1.3058464746389211e+00 1.3327564083718109 1.3510097863604131   
282 2538 0.0023244567825832308 86271.58109686275 1.3054305311936785 1.3054305311936785e+00 1.3177381954912697 1.3761240304750095   
283 2547 0.00247275465044099 82887.96719516003 1.2892637984728674 1.2892637984728674e+00 1.3279950134192222 1.3592943109952365   
284 2556 0.002584146229808228 79451.41114592185 1.2892637984728674 1.2937058712195926e+00 1.3067291936582643 1.3413754762457641   
285 2565 0.0030257863198009673 81090.20027175458 1.2676620134256948 1.2676620134256948e+00 1.3146702882316703 1.325609484170933   
286 2574 0.003305376962552361 80885.07727704059 1.2660116204849838 1.2660116204849838e+00 1.3035335663917853 1.3277666382760842   
287 2583 0.003840647628413911 74697.65096322948 1.2307024166815632 1.2307024166815632e+00 1.284714458102268 1.3191907823364113   
288 2592 0.0038930580180452125 72666.6165447567 1.2307024166815632 1.2450013164614719e+00 1.2716898632898572 1.3332169666068305   
289 2601 0.0043407239286880955 69531.81164690453 1.2092999047087718 1.2092999047087718e+00 1.2606093480893459 1.2908054488845444   
290 2610 0.0052355203830263325 71725.16826075957 1.1439799080801618 1.1439799080801618e+00 1.2244369367358707 1.3476460307498064   
291 2619 0.0057703753194276435 69129.42863492497 1.1439799080801618 1.1470483399441036e+00 1.1810176893940922 1.320961329128164   
292 2628 0.006475666996246633 70081.94436510796 1.1319024896331848 1.1319024896331848e+00 1.1544312439197182 1.3154637605341053   
293 2637 0.006238983065216694 68727.58329955814 1.1121904333027703 1.1121904333027703e+00 1.1588603848215415 1.2308324698350779   
294 2646 0.006539910112348082 69209.28054177441 1.1121904333027703 1.1189996814657661e+00 1.1551918671266503 1.2156891443286235   
295 2655 0.006273099211409863 74240.84916028602 1.1044625452822516 1.1044625452822516e+00 1.1790428131610826 1.2665992523373415   
296 2664 0.005465659556824691 72724.49233029532 1.1044625452822516 1.1086591996554103e+00 1.148308761785052 1.2254338169212633   
297 2673 0.005304033006596431 68057.45331314299 1.090380380171075 1.0903803801710750e+00 1.1709049015830555 1.250862108452846   
298 2682 0.0047917690528843015 64919.64328100776 1.090380380171075 1.1079833004681521e+00 1.1384992558143563 1.216537977081988   
299 2691 0.004128891564060931 66915.82619846574 1.090380380171075 1.0997902521086849e+00 1.1296775173705371 1.2141274992846836   
300 2700 0.0035148291949250003 67103.47767345009 1.090380380171075 1.0928337420232179e+00 1.1192378043529367 1.1731778473717251   
301 2709 0.0031687754673669953 67086.00558888659 1.083965423146238 1.0839654231462379e+00 1.1095072810749262 1.1388505142170369   
302 2718 0.0031234735013043057 62417.52501186858 1.0747255434829956 1.0747255434829956e+00 1.1078360682026038 1.137068866888186   
303 2727 0.0031463179499797564 64295.97602372633 1.0725646730046516 1.0725646730046516e+00 1.0940506693446672 1.1217586869539535   
304 2736 0.0028036674143033864 63631.81816211356 1.0725646730046516 1.0845645801277091e+00 1.09900200737183 1.113901428039363   
305 2745 0.002545455477059367 61781.07404341766 1.0725646730046516 1.0809081104948370e+00 1.1002607230350159 1.1350747307511095   
306 2754 0.002331909385641513 59473.73739517495 1.072551790666523 1.0725517906665230e+00 1.0964307596901268 1.1099041769214126   
307 2763 0.0021990857096205155 59231.89163783769 1.072551790666523 1.0763449634008551e+00 1.0890053106203594 1.099014633426971   
308 2772 0.0020574634406981054 55170.085352816684 1.072551790666523 1.0780741062603680e+00 1.0946788292258884 1.1119934428979479   
309 2781 0.0017752705307919074 54156.80734032238 1.0704006647978883 1.0704006647978883e+00 1.0827155214002022 1.1048003015182872   
310 2790 0.0016740651443051147 53185.93133999127 1.0693097371841787 1.0693097371841787e+00 1.0771959305592842 1.0855303691062013   
311 2799 0.001647461089476638 51449.01147718644 1.0693097371841787 1.0742935230551858e+00 1.0801180599664733 1.0861037334101935   
312 2808 0.001590538828424875 55315.51305065832 1.0693097371841787 1.0702014094213996e+00 1.0748441555866401 1.0867155611047064   
313 2817 0.0014026844466007824 55762.38505670632 1.0656840555334963 1.0656840555334963e+00 1.0775331298292246 1.0804614470883365   
314 2826 0.0011527954807427389 53880.49210922798 1.0656840555334963 1.0669536086477229e+00 1.0714885052246883 1.0883681390940536   
315 2835 0.0010493003382867046 53363.2142817299 1.0620210462285768 1.0620210462285768e+00 1.0671399421153778 1.0748295315187875   
316 2844 0.0008827908723420811 52590.496358591074 1.0620210462285768 1.0636774318683877e+00 1.0696200175835935 1.0789522880133706   
317 2853 0.0008164019301119586 52169.93926716697 1.0620210462285768 1.0623449263145632e+00 1.0671496045264104 1.0741647906480136   
318 2862 0.0007018208021260839 51904.783941622416 1.0620210462285768 1.0627845394003861e+00 1.0662267113174595 1.073112659872686   
319 2871 0.0006573764303616861 49246.84634347683 1.0620210462285768 1.0630661873980705e+00 1.064557269498316 1.0678288641790423   
320 2880 0.0006491003877723095 48464.67387135385 1.0593970363896583 1.0593970363896583e+00 1.064288052118004 1.0655432343710343   
321 2889 0.0006486546267606206 50010.13336094395 1.0593970363896583 1.0605732455280668e+00 1.0626887936214304 1.065643744641271   
322 2898 0.0006281561164875995 50409.700890796244 1.0593970363896583 1.0600212380647849e+00 1.0622954575693133 1.0663345820503127   
323 2907 0.0005596279445621611 50014.21524144942 1.0593970363896583 1.0597379200648700e+00 1.0621535244747031 1.0659981860213588   
324 2916 0.0005110577698371069 49737.49257296579 1.0593970363896583 1.0609256020572371e+00 1.0622101796547678 1.0664036888354984   
325 2925 0.000505768661541733 48165.640665516876 1.0591008227732484 1.0591008227732484e+00 1.061508106718343 1.0645696876233215   
326 2934 0.0004559658948196458 48182.196601032425 1.0591008227732484 1.0593328066692265e+00 1.0615385179213566 1.0643872772513805   
327 2943 0.00047049566611717376 47739.98304599321 1.0589427816661725 1.0589427816661725e+00 1.0612570965674957 1.0616026992162526   
328 2952 0.00043748685452410605 43776.748729878294 1.0589427816661725 1.0605430193906600e+00 1.061242111995365 1.0645297900466517   
329 2961 0.0003814070248752625 43539.113578786455 1.0589427816661725 1.0589840956514422e+00 1.0605033751882256 1.061882647186335   
330 2970 0.00034298821310556316 43124.41378759225 1.0589427816661725 1.0590545638295692e+00 1.0596862403271428 1.0601514462111525   
331 2979 0.0003045295489390264 43858.88658802316 1.0589427816661725 1.0595124101230704e+00 1.0602625495418714 1.0614145243390873   
332 2988 0.00028019747075163265 40970.35861256222 1.0583489737716096 1.0583489737716096e+00 1.0593375648840921 1.0600743939266088   
333 2997 0.00031102642265631587 40787.83313675612 1.0583489737716096 1.0588146484625658e+00 1.0595560816845335 1.0604635275269616   
334 3006 0.0002989592991684193 36791.150357327446 1.0583489737716096 1.0589778691053620e+00 1.0596762247668003 1.0606179135828666   
335 3015 0.00027633715650140437 36849.876193118966 1.0583489737716096 1.0589403884137392e+00 1.05948232806787 1.060963603052099   
336 3024 0.0002560251083904418 37443.533510930065 1.0583489737716096 1.0585864522099075e+00 1.0596915916686986 1.0604699819986008   
337 3033 0.00022432643438146497 36786.20425478945 1.0580639987540565 1.0580639987540565e+00 1.0595031034298983 1.060560031673746   
338 3042 0.00020376174623482453 36659.52043500841 1.058043935346408 1.0580439353464079e+00 1.0587119023030618 1.0600164037900106   
339 3051 0.00020770691260449931 37169.02771834704 1.058043935346408 1.0581034585798976e+00 1.0586242945878825 1.0597543678794363   
340 3060 0.00019713913643882856 37340.543655696936 1.058043935346408 1.0585631169734064e+00 1.058759634328585 1.059028174107911   
341 3069 0.0001654376532237568 38867.24052306831 1.058017554718647 1.0580175547186470e+00 1.0588104800740974 1.059761588667642   
342 3078 0.0001628269186618942 38962.032897570716 1.058017554718647 1.0580512733461354e+00 1.0586225143544072 1.059016006595265   
343 3087 0.00015079972015708817 38018.98578513072 1.058017554718647 1.0582644451962189e+00 1.0585529179277933 1.0590515136444014   
344 3096 0.00012640058274481346 37811.20468375122 1.058017554718647 1.0580376397619262e+00 1.0584872406991446 1.0590189246361126   
345 3105 0.00012148155916627692 38442.86434515205 1.058017554718647 1.0581285749917355e+00 1.0582924864605343 1.0587865392249114   
346 3114 0.00010398419645584293 36797.652484076716 1.0579377626483915 1.0579377626483915e+00 1.0580367408363838 1.0585758341268148   
347 3123 8.591078596849658e-05 36501.02009526799 1.057928573218487 1.0579285732184871e+00 1.058150065673526 1.0582522419877582   
348 3132 8.088185455448889e-05 36268.270259844285 1.0578475672387844 1.0578475672387844e+00 1.058021205505155 1.058286581473651   
349 3141 7.45980537285943e-05 38260.978456321405 1.0578475672387844 1.0579071784626684e+00 1.057954727368607 1.0581378549666793   
350 3150 6.486694267003963e-05 39680.46660154439 1.0577637192324063 1.0577637192324063e+00 1.0579172302651205 1.0582793705062388   
351 3159 6.000794204476399e-05 40429.07174983475 1.0577374765697276 1.0577374765697276e+00 1.0578714566377607 1.0580699893648695   
352 3168 5.5077823382282326e-05 39057.19050338528 1.0577319845421083 1.0577319845421083e+00 1.0578305120426308 1.0579395844202317   
353 3177 5.190117592019484e-05 41280.80363056531 1.057646136462417 1.0576461364624170e+00 1.0578136655896584 1.0579926079608994   
354 3186 4.6003208371582304e-05 40109.09641634945 1.057646136462417 1.0576901780765922e+00 1.0578071934155686 1.0578610657538197   
355 3195 4.345642058265155e-05 41913.51904706627 1.057646136462417 1.0576937625821778e+00 1.0577543783033014 1.057882161295479   
356 3204 3.978393046323603e-05 40443.17337732018 1.057646136462417 1.0577022408517966e+00 1.0577826803845878 1.0578748180295678   
357 3213 3.308336023674041e-05 40512.91758661632 1.057646136462417 1.0576480004447728e+00 1.0577855121096946 1.0578326013617165   
358 3222 2.9570202781377125e-05 43335.576679448655 1.057646136462417 1.0576667268384008e+00 1.0577308643636556 1.0577895871903114   
359 3231 2.7078896935137257e-05 44425.05146661811 1.057646136462417 1.0576670139507371e+00 1.0577106824614133 1.0577806403035128   
360 3240 2.320304437439901e-05 43096.737014268794 1.057646136462417 1.0576468470151088e+00 1.0576778560285653 1.0577236453273235   
361 3249 2.1045432375478627e-05 42707.92370605163 1.0576458177980013 1.0576458177980013e+00 1.0576850631540147 1.0577339342286913   
362 3258 1.8428177682832718e-05 42844.035451295524 1.0576435256208845 1.0576435256208845e+00 1.0576690882693742 1.0577193733739585   
363 3267 1.58667466460581e-05 43447.76043217454 1.0576410209811946 1.0576410209811946e+00 1.057657028467339 1.0577032894505294   
364 3276 1.3922228671282257e-05 46222.9032944353 1.057632180364708 1.0576321803647080e+00 1.057651856063544 1.057666744338626   
365 3285 1.3231804402229836e-05 44941.77938067154 1.05762879343141 1.0576287934314099e+00 1.0576565968264366 1.057675350204618   
366 3294 1.3211961025499583e-05 44630.02495081552 1.05762879343141 1.0576360612524911e+00 1.057645697540313 1.0576674892867912   
367 3303 1.2630574360897333e-05 45771.2392901918 1.05762879343141 1.0576379285112785e+00 1.0576439237340993 1.057662748076724   
368 3312 1.1452412721377629e-05 40308.58744626744 1.0576214366014314 1.0576214366014314e+00 1.0576512992570712 1.0576755026751976   
369 3321 1.045173248395301e-05 38270.33531590699 1.0576214366014314 1.0576265715940165e+00 1.0576378856697781 1.0576508574101706   
370 3330 8.931247934417991e-06 37932.40397510917 1.0576214366014314 1.0576338152021203e+00 1.0576423499375562 1.0576526302773412   
371 3339 8.730298042694245e-06 38728.832016775465 1.0576211495066685 1.0576211495066685e+00 1.0576356531795545 1.0576482465307946   
372 3348 7.792583945365828e-06 41887.74003385288 1.0576171681829771 1.0576171681829771e+00 1.0576392074636534 1.0576516266164584   
373 3357 7.432210047800053e-06 42909.953659899365 1.0576171681829771 1.0576241074556592e+00 1.0576380630910442 1.0576449482771124   
374 3366 6.421773357241351e-06 44380.10970355464 1.057613957618281 1.0576139576182810e+00 1.0576287917553548 1.057637599929476   
375 3375 5.943260857086022e-06 46281.16967960067 1.057613957618281 1.0576185052909171e+00 1.0576220395501297 1.0576361592793921   
376 3384 5.417925425612779e-06 47834.35606207952 1.057613957618281 1.0576195097189014e+00 1.0576217943133712 1.0576269977407742   
377 3393 5.072809390715071e-06 50442.945568959134 1.057613957618281 1.0576203330561669e+00 1.0576220353345491 1.0576289248824284   
378 3402 4.9022715159342136e-06 50565.783994325495 1.057613957618281 1.0576157595439657e+00 1.0576214247195628 1.057627345152365   
379 3411 4.9367535740984306e-06 52687.42916591265 1.057613957618281 1.0576174677017627e+00 1.0576207756570535 1.0576253837972558   
380 3420 4.724502797900737e-06 54311.258930868 1.057613957618281 1.0576148859157659e+00 1.0576221851273033 1.0576225808356388   
381 3429 4.3360538204886834e-06 58954.13016995513 1.057613957618281 1.0576152062447965e+00 1.057621974587199 1.057626992465584   
382 3438 4.55966451934251e-06 60001.515019269136 1.057613957618281 1.0576140848486786e+00 1.0576173945623688 1.057622446258299   
383 3447 4.772744658454727e-06 63937.98364388228 1.057613957618281 1.0576148951651043e+00 1.0576210751027861 1.0576259494959253   
384 3456 4.737313904551761e-06 63985.54316683416 1.057613957618281 1.0576149377776980e+00 1.0576193559901965 1.0576216546751926   
385 3465 4.961578006876479e-06 63152.69268219407 1.057613957618281 1.0576164598123716e+00 1.0576211774934074 1.057624571593625   
386 3474 4.8793897390393535e-06 61693.71310037891 1.057613957618281 1.0576155664762099e+00 1.0576183335192797 1.0576234603549368   
387 3483 4.383016697960364e-06 60781.18194512985 1.057613957618281 1.0576150791926580e+00 1.0576192205486121 1.057622356425946   
388 3492 4.112407008040265e-06 55871.39343212965 1.057613957618281 1.0576143277627386e+00 1.0576183491763411 1.0576229760408569   
389 3501 3.7667764355904873e-06 56069.97725694769 1.057613957618281 1.0576140201566036e+00 1.0576180930492165 1.0576203028359394   
390 3510 3.2128308662398093e-06 57233.66547349294 1.0576118499971925 1.0576118499971925e+00 1.0576156314685876 1.057619452689363   
391 3519 3.298186272221447e-06 55666.23720439884 1.0576118499971925 1.0576145097704954e+00 1.0576156713459863 1.0576172018332073   
392 3528 3.0008424602287984e-06 57528.53331358527 1.0576118499971925 1.0576127402988891e+00 1.0576162884668339 1.0576196886006697   
393 3537 2.6235449868957842e-06 56393.78967997261 1.0576118499971925 1.0576131877300690e+00 1.057615663936133 1.0576188828626063   
394 3546 2.3184133511602594e-06 58196.90213440223 1.0576118499971925 1.0576134356885143e+00 1.0576150646815643 1.0576195994239415   
395 3555 2.197235608153881e-06 57744.11017570485 1.0576118499971925 1.0576137909931049e+00 1.0576146889055824 1.0576159849364108   
396 3564 2.1637385760851415e-06 56309.543571832655 1.0576118499971925 1.0576133301875195e+00 1.0576149479375374 1.0576180793661671   
397 3573 2.165084949114077e-06 58693.98791865159 1.0576118499971925 1.0576132946205248e+00 1.0576143050329916 1.0576167842121778   
398 3582 1.920246196246775e-06 59352.87306741065 1.0576118499971925 1.0576138064992948e+00 1.0576141190420492 1.0576165865676739   
399 3591 1.8269395255185933e-06 61228.87813012714 1.0576118499971925 1.0576126885390755e+00 1.0576142554738044 1.0576158553620258   
400 3600 1.5930146181794165e-06 60251.0859835471 1.0576118499971925 1.0576124207919373e+00 1.0576139012915677 1.0576152727493686   
401 3609 1.5835483103514904e-06 61318.54669672717 1.0576117311862094 1.0576117311862094e+00 1.057613351962059 1.0576140478227332   
402 3618 1.6346288094863172e-06 61070.94978602948 1.0576113572265866 1.0576113572265866e+00 1.0576123243362978 1.0576151761144408   
403 3627 1.488721864161165e-06 58451.07057023265 1.0576113572265866 1.0576116617629270e+00 1.057612867891176 1.0576137176516547   
404 3636 1.3441463614665022e-06 59833.00738189198 1.0576113572265866 1.0576116767468118e+00 1.0576123997342177 1.057614496713121   
405 3645 1.1922709901785749e-06 60939.224352560275 1.0576113572265866 1.0576118352250592e+00 1.0576122294220687 1.057613002179561   
406 3654 1.0695003248562573e-06 63989.48341669092 1.0576113572265866 1.0576114862574739e+00 1.0576122933915715 1.0576124571980459   
