% # columns="iteration, evaluation, sigma, void, void,  stds==sigma*sqrt(diag(C))", seed=157426, Tue Jul  7 12:43:13 2020, <python>{}</python>
1 9 0.0894880850060539 0 0 0.08715173843012758 0.08837497653679059 0.08880162866685544 0.08887048790366588 0.08590297895595717 0.09012641489735412 0.08828761802520083
2 18 0.08405204507020478 0 0 0.07799842224793808 0.08058862043036373 0.08273932256932946 0.08412116933631614 0.08324870056798354 0.0847600919586495 0.08283395286894758
3 27 0.0779317156892366 0 0 0.07164615413853893 0.06812391557588522 0.07633276815801163 0.07781509411130674 0.08374960288859495 0.0798773670259655 0.07912724769752053
4 36 0.07329753080820801 0 0 0.06631251523800458 0.062198686715917995 0.07162641771869308 0.0739024374039661 0.08217510959478957 0.07732333058954413 0.06944405761189758
5 45 0.06798905495405791 0 0 0.05861551916993313 0.05362689838087421 0.06552338573215351 0.06885978204043648 0.07768313021749577 0.07532289977468826 0.06432453744262354
6 54 0.06264193870455027 0 0 0.053855916450632285 0.047832324420734484 0.059536880598968334 0.06348853350727719 0.07159751671721842 0.06823295262027247 0.05919029913148864
7 63 0.05991169974073619 0 0 0.04985419298259749 0.043887250545115816 0.056348565563052934 0.06147465682858216 0.06933017711575583 0.06315263357702677 0.05794995886983839
8 72 0.06304828048557996 0 0 0.05117591426513008 0.04473489379036243 0.06050416873735543 0.061928628380733965 0.08206234135708296 0.06560201774560388 0.06035859247504643
9 81 0.0594993241870715 0 0 0.0458826012972373 0.041978076925452364 0.05726063711122864 0.05847832522645551 0.07709606735476654 0.05984367347000848 0.05579020129128424
10 90 0.055533059545396904 0 0 0.041400405314480186 0.038068744915335476 0.05389527916443204 0.05360111440003337 0.07127747915229049 0.055411394930102296 0.05114879094144683
11 99 0.05224592256898082 0 0 0.03700288552869713 0.03526360545240184 0.048451034310774736 0.04871023998504694 0.07063072754621548 0.05213563646968972 0.04682325608488569
12 108 0.05604738539218943 0 0 0.0382126706082861 0.038456021037931686 0.05249534518127236 0.05144261450753607 0.08366911426680211 0.055964460832197395 0.048058870341740105
13 117 0.05245823555416203 0 0 0.03492457320224268 0.034226447717929764 0.04862681379528278 0.048247464178176706 0.07766635170188813 0.051709620665069594 0.04580440858581474
14 126 0.04743583684021439 0 0 0.031297213236305854 0.028720363300372066 0.04402614695781991 0.043259460303526606 0.06751988919458617 0.04551293781221883 0.0424582123031425
15 135 0.04374366498807393 0 0 0.02874933737222952 0.024842590262799655 0.041234576996287305 0.03801904489873533 0.06078979779552447 0.04137083887071408 0.03919816034223443
16 144 0.03914385546241311 0 0 0.025327493682146027 0.02113676175024401 0.03676578855743914 0.03380875735022065 0.054201256483475166 0.03594742644457089 0.03470312205154205
17 153 0.03572858034752856 0 0 0.022818483341756908 0.018689776984042224 0.03359266900588129 0.032360857622160795 0.046666325650459535 0.03200601453268033 0.031477800982988774
18 162 0.03488419944587302 0 0 0.022047247243298394 0.016999323350905784 0.03206011448622653 0.03411101618602132 0.04711562532403072 0.030632509770227124 0.03065238462113543
19 171 0.03508959469509838 0 0 0.021384314867556056 0.01672310926923339 0.03153476788272162 0.034349129734891494 0.04911653445043149 0.03042718841493644 0.03050524508237381
20 180 0.033439490755187984 0 0 0.019376329779317334 0.015210898049634141 0.0310168815591101 0.032504300171536736 0.04460782455461674 0.02871153645857908 0.029663343289120594
21 189 0.03313856725734067 0 0 0.01862729706660818 0.014433033175762826 0.030795728718003276 0.031879052857603764 0.044488335373354365 0.028523042573604163 0.029538918780915354
22 198 0.036328252901685766 0 0 0.019228453052314406 0.015594892296235485 0.036428753109180194 0.03794046979518618 0.04931692214186481 0.030892539122706644 0.03196260932515807
23 207 0.03914361556059875 0 0 0.020333992068381736 0.015332972064728133 0.0418272698534931 0.04150756893214024 0.05339116284247971 0.032383091913203814 0.03508376762401451
24 216 0.04423422924941054 0 0 0.021870010283918002 0.016644527228041547 0.05407898373465196 0.0479315528081175 0.06369102225886325 0.0356352265350887 0.04040322145669856
25 225 0.0447590254698403 0 0 0.021320539446193505 0.01568843527528718 0.05535606039861564 0.05052682817621605 0.06308989510810906 0.03725472358827232 0.04115019364981685
26 234 0.042420323551282835 0 0 0.018862976632813284 0.014142941931113703 0.053124079173638324 0.047194500770086176 0.05963454430643124 0.03644222875490385 0.039138833695132026
27 243 0.03588142735014226 0 0 0.015455477786617386 0.011485771893025914 0.044277644906382814 0.03805253401247624 0.049197267480515394 0.03005108836891538 0.0325164068994682
28 252 0.03302136692415461 0 0 0.013801919374795425 0.01041850935414584 0.03943229751298808 0.035021494278117675 0.04448192555300828 0.027434487712701003 0.029014761059815156
29 261 0.03137220264440079 0 0 0.012701077993974618 0.009481355459300178 0.038164746331412085 0.03192550924061395 0.04269315056421852 0.0255056894382781 0.02718466888571213
30 270 0.029739733929282662 0 0 0.011606840935130395 0.00844893689292978 0.037625564441011825 0.029399726700421996 0.04047452915315131 0.024051906135178807 0.024919367701306858
31 279 0.02944800042611347 0 0 0.010855509403676196 0.008172460841554707 0.037853284255648316 0.028570489527747763 0.03829924188402239 0.023684753986185685 0.02559674062631824
32 288 0.02744320627653003 0 0 0.009551842927140335 0.007319869311469978 0.03462840804276747 0.026099049892707504 0.03703655960415226 0.021542685215626797 0.023868183843647518
33 297 0.02886275932362238 0 0 0.010015596221353609 0.007219257511541373 0.035492278912426935 0.02849626370521566 0.03897761895089018 0.022788454550408625 0.02472667665798396
34 306 0.030153784914101055 0 0 0.009990651453006755 0.007235666649733734 0.03799353041809258 0.03244325396940601 0.04116629189121116 0.023772212196086717 0.026609862065748495
35 315 0.029767444762882247 0 0 0.009409771740858427 0.0070589221327200455 0.03610257214392353 0.03210921437490788 0.04337253387067964 0.023334024711843124 0.025708123073965732
36 324 0.026496228399997577 0 0 0.007879777734085063 0.005954630812824366 0.030882031186393804 0.02830697879670208 0.039384358709127515 0.020499420942295354 0.02285754846871377
37 333 0.023855278962627045 0 0 0.007039168996055195 0.0051445433979289065 0.02849783974557916 0.024697448185517397 0.03471199757851746 0.017808397364939475 0.02064971478304784
38 342 0.022296274209435515 0 0 0.006318539313752778 0.0047928252762937384 0.028478074377450893 0.023675711518590978 0.03284299035970141 0.017173624028820902 0.017716040833674753
39 351 0.02105365617396419 0 0 0.005615036630562779 0.004423200511535395 0.02679858892489577 0.02168869239957904 0.030963427264923918 0.015801267395569297 0.0166199328208059
40 360 0.020267510668022563 0 0 0.005249810065427745 0.004105895705869151 0.025695555747073943 0.02124490898396236 0.029491254826710233 0.014262507496483404 0.015683988920956755
41 369 0.017997979553243965 0 0 0.004352376247020322 0.003646937596494906 0.023170445893195876 0.018541433788032774 0.025947923095223552 0.012413510900970731 0.013798434722963908
42 378 0.017650131241799972 0 0 0.004270444524656503 0.0034848738624529926 0.022652043435660543 0.018591301701743494 0.026910252702412846 0.01233808306549308 0.013209537561014607
43 387 0.016020238298705088 0 0 0.003672319971378021 0.0029938400076316837 0.020162167369956845 0.016782936854512775 0.024230261801231934 0.011170496178654067 0.01219884226833303
44 396 0.013712487963768873 0 0 0.002903529794877363 0.002472494665322343 0.017170206100869563 0.014311111570401788 0.02064051458403226 0.009559318548466995 0.01046025007155013
45 405 0.013318083012632088 0 0 0.002679083634606565 0.00239126790044161 0.016762499408565855 0.01419444962149281 0.02034736729346969 0.00896602018031615 0.009893638151439633
46 414 0.012589389301246603 0 0 0.002424433185752227 0.002213736399058004 0.01574442507985444 0.013192979040963362 0.019305003483158688 0.008723343073004751 0.00952114713891285
47 423 0.013325171384636136 0 0 0.002459210490734249 0.0023337608524126026 0.015846765188476438 0.014143357213329868 0.02058536717555241 0.009552236134536297 0.010602784964950873
48 432 0.0122478493427584 0 0 0.0020206658454286507 0.002074022741372724 0.014442743525324538 0.013508820658476034 0.01870207249165806 0.00875473125456446 0.009597640353010004
49 441 0.011246503918230934 0 0 0.0017051102498867408 0.001792751695849742 0.01318944100745303 0.01242051978403128 0.017303058154299642 0.008016153508364878 0.00883126825785126
50 450 0.01098775062560963 0 0 0.0015899325177318724 0.0017105891485740647 0.012529032838491674 0.013003889671455243 0.017295265548729597 0.007848140414567576 0.00816931181073779
51 459 0.012030004691692592 0 0 0.001666145879654125 0.0017694063655804859 0.013585575940344374 0.01525854229050504 0.019365323158669213 0.008278299499900374 0.008735005527508187
52 468 0.011747048799439356 0 0 0.0016024607899173802 0.0016896312707871696 0.01346575030125699 0.014347729838857619 0.018765437642199366 0.008084689350145315 0.00855231029108444
53 477 0.011646946089314193 0 0 0.0015351468607913248 0.0016778974777099268 0.013536548806309575 0.014507686079052945 0.01790941964199923 0.007968433199954578 0.008740984481372798
54 486 0.011572924575131222 0 0 0.001437664759150135 0.001598795113720122 0.013028718978063788 0.014513252260297246 0.017840196749548055 0.00785765321536149 0.008920116492811483
55 495 0.01031273208797582 0 0 0.0012005309296387204 0.001391804196857209 0.011274373298222548 0.012891361877628143 0.01611590270351185 0.006995306582590141 0.00790533631847077
56 504 0.010134935434687013 0 0 0.0011184076955410341 0.0013363083473964402 0.01055159275493198 0.012893744901775183 0.01587792836736448 0.006863308000482142 0.008236452313223348
57 513 0.0095171417532377 0 0 0.0010172729084796841 0.001216954402446955 0.010193420055184496 0.012054489756367743 0.015300956238004995 0.006461497564890408 0.007733950183801447
58 522 0.00930243484162265 0 0 0.0009100430285140584 0.0011652706520655334 0.010159874856339802 0.012402874482465824 0.014106943926884101 0.00651401142164341 0.007384054419912826
59 531 0.008860997382819414 0 0 0.0008091275011901436 0.001125976694041566 0.009671058816804967 0.011686746180403896 0.013427302684541524 0.006225410134951736 0.007103910265786835
60 540 0.007393968433512973 0 0 0.000659520384847919 0.0008846741174057399 0.007973242277087785 0.009301586310132321 0.010881311251625251 0.005265850119632018 0.005946145032098997
61 549 0.007846360565640092 0 0 0.0006684229443849747 0.0009454154418182877 0.009233069300692436 0.010712372850316218 0.011618780074552049 0.005652547458791901 0.006533078913929096
62 558 0.006897584661729486 0 0 0.0005695319031209109 0.0007833217454161384 0.008121598790493694 0.009670515450093974 0.01039735308942866 0.004878690235887072 0.005776242008775966
63 567 0.0062350792194723935 0 0 0.0005042081112000161 0.0006758264336877969 0.007352786750317518 0.008577227466673167 0.008990702540030933 0.004498282677125889 0.0051690703269691414
64 576 0.005729260739495654 0 0 0.00043431544103229066 0.0006057939486953927 0.006585791188798022 0.00796176209434402 0.008308499981140615 0.0041139882950260226 0.00471700202512679
65 585 0.006072109918324852 0 0 0.00045627767859118535 0.0005918297671970837 0.006956946021482318 0.008959210575586634 0.008870285585130953 0.004518980405615084 0.005386196840308393
66 594 0.006570939872799601 0 0 0.0004913562143136652 0.0006250141673007815 0.0075368032473045994 0.009414215352972198 0.0096546174046157 0.004997786667319757 0.006228275686730955
67 603 0.007074347054888726 0 0 0.0005385103562221855 0.000658808481213551 0.008148007648615778 0.010000908052555952 0.01021893707930053 0.005458698676263497 0.007296678360076658
68 612 0.006854071061130387 0 0 0.0005146531645713704 0.0006009961259500699 0.00804639065418584 0.010038276424893114 0.009901595357645327 0.0053135556384323246 0.007002899179482792
69 621 0.0063253347123716 0 0 0.0004541238523585765 0.0005447682176009579 0.007383572524972823 0.008994540563869212 0.009179236824973177 0.005025644990911301 0.006395418617024886
70 630 0.006513695667917148 0 0 0.00045412657707874585 0.0005293413559904589 0.00755840193188382 0.008839365861699856 0.009529519133410144 0.005514573390504015 0.0066149579171599
71 639 0.006450215673724195 0 0 0.00044549605846745617 0.0005019493110751865 0.007503318885400973 0.009033921931566788 0.009003609890109709 0.005295650629877215 0.006825071674827003
72 648 0.006329235065616615 0 0 0.0004279860856598209 0.0004908164735760278 0.00733508103224942 0.009169414796095527 0.008770986971649518 0.0051609560776888766 0.006732940989648533
73 657 0.006154865845046181 0 0 0.00040880551231024906 0.0004677099100449589 0.007043332432289836 0.008820328095404673 0.0083503928904269 0.005054195077542473 0.006754652549630885
74 666 0.005933936495104392 0 0 0.00037828461863576994 0.00043434539336353596 0.006791704163891729 0.008722086959869172 0.008241317924052584 0.005096343690818273 0.006765937766133623
75 675 0.005856280487409875 0 0 0.00036635422616377585 0.0004421890225031553 0.006972984906249112 0.008467144538842928 0.007954532793821766 0.005282969220371193 0.006559582200785283
76 684 0.005826768503523478 0 0 0.00036101769783674384 0.0004300571120258354 0.007031326577286274 0.009110595772943835 0.007893709485576189 0.00522771468365534 0.0065263874844550575
77 693 0.00635540073179523 0 0 0.0003862590956336501 0.0004924361224195135 0.008259388504375314 0.010044381738483751 0.008670428648354064 0.005732583665723117 0.007242142211053268
78 702 0.0072097207132315495 0 0 0.00043635434794441126 0.0005340705476248632 0.009341351335699384 0.01353475438070191 0.009927495190412241 0.006962986769699705 0.00893577060860114
79 711 0.00786089859380464 0 0 0.0004887886056576789 0.0005694952361916778 0.010114348478039737 0.01567907097787355 0.010755828351127634 0.007280822158442515 0.00965357950414084
80 720 0.008439197319268758 0 0 0.0005285279251646168 0.0005985136084043441 0.010925552306004796 0.016903707533159035 0.011596754402241519 0.00774181425188275 0.010389334596880191
81 729 0.008522594170287506 0 0 0.0005308342970617506 0.0006018484350257061 0.011487888585056942 0.017242092385746925 0.012424793727844925 0.007868131730449049 0.010876199534312776
82 738 0.009614217716918397 0 0 0.0006051600740194845 0.0006418511268312078 0.012564934483635631 0.01955062610517864 0.015354791103203338 0.009379593565898342 0.012881129507062097
83 747 0.010373267028632067 0 0 0.0006672019827980575 0.0007032076768969346 0.013505053655729562 0.021372638088291627 0.01805257187999521 0.010198285794919628 0.014068202867110198
84 756 0.011531913976676227 0 0 0.0007734394210170485 0.0007780852516087148 0.014754506314289694 0.023874038654054377 0.021630180707798725 0.011467990123435546 0.016299534660100763
85 765 0.01370703693513546 0 0 0.0010620181044037223 0.0009065504368187331 0.017465790973858853 0.030612088196145082 0.026205095405183704 0.015895020257335985 0.022462115191814316
86 774 0.01444366961977395 0 0 0.0011297930222797165 0.0009673834276228622 0.018343164177524827 0.0334122346871126 0.02811817168655304 0.01688359449637038 0.024279114739349173
87 783 0.017714922946094194 0 0 0.0014513265026546245 0.0011994176852816408 0.02270089415379453 0.04346546604719755 0.03422546791318063 0.02085082632070955 0.030826171091085614
88 792 0.019610841218958414 0 0 0.001589242032678802 0.001322644618769218 0.025063444036116538 0.048885054508546744 0.03575688200207545 0.02280482771358998 0.03394665694677484
89 801 0.021134798746645072 0 0 0.0016927428432417083 0.0013956456302977804 0.026697860364907334 0.05441224373916214 0.03786499201173389 0.023898989438228012 0.036836386166002544
90 810 0.022452178180528245 0 0 0.0017229500363102064 0.0015545038478051159 0.029997935659891343 0.05627067097840583 0.03874999281543502 0.024556556236759508 0.03767803668798574
91 819 0.023236427781833397 0 0 0.0017945602991051152 0.001608668415459596 0.031144077016116496 0.05795743735871537 0.04113370314623653 0.026120595987981297 0.03968815878363087
92 828 0.02101522429297076 0 0 0.00163142418207295 0.0013896141190881132 0.026966025531135373 0.052073676516395204 0.03709530334287126 0.023592465449865697 0.035906867696609696
93 837 0.019125273098735244 0 0 0.0014564343264134485 0.0012692756509859945 0.02434430581241452 0.045925892339909166 0.03366827624111919 0.020721541739194247 0.03129305689836896
94 846 0.018676093762078478 0 0 0.001410085943638473 0.0012153321323914012 0.024466086405385494 0.04489526315585802 0.031322297356301515 0.019774534447388838 0.030169978568546984
95 855 0.01615117758235636 0 0 0.0011261026005460052 0.001060388915921689 0.021141338622834883 0.035294577153794596 0.026608160116906084 0.01613842333689191 0.024210245745993404
96 864 0.015926668564270482 0 0 0.0010671872204580366 0.001034031496082467 0.02057454430105219 0.033785290991775234 0.026352109088592156 0.01524786732374908 0.023330839924729042
97 873 0.01415943299493584 0 0 0.0009531564526041908 0.0009348097468843352 0.018341881147949768 0.030078575886291967 0.023575078810943072 0.013638273083304672 0.020890704892709486
98 882 0.012732323179881298 0 0 0.00086509298292615 0.0008364270032339666 0.016245205164828247 0.02650719623373312 0.020775968235491497 0.01211774484156958 0.01889824042091115
99 891 0.012205053760968799 0 0 0.0008126502455858818 0.000780080713103698 0.015247586989600779 0.024826323962872668 0.02099619438668595 0.01138777043011965 0.017507951562751596
100 900 0.01280937813418138 0 0 0.0008085210182296414 0.0008140928514717195 0.015949327932396715 0.02601767319382134 0.021946597378996995 0.011565881113867076 0.017812949871949833
101 909 0.012157925305426826 0 0 0.0007580696982952025 0.0007715994057620268 0.015490576499400962 0.02413516178056202 0.0210092018998028 0.010418680572414615 0.01655724634127728
102 918 0.011944724435197257 0 0 0.0006830619764752394 0.0007503497271589215 0.01529578247368968 0.023230257184190355 0.02138806134922995 0.009839694803150669 0.015008307161272286
103 927 0.01112529204036337 0 0 0.0006277460396407281 0.0006871729139867253 0.014303922093927545 0.02110447505493992 0.02063069954619956 0.008849419238334757 0.013616862551637653
104 936 0.010622444901311447 0 0 0.0005984656448653707 0.0006510323712238393 0.013728788412718556 0.020449431096507816 0.019868957911737893 0.008695883907012479 0.012936529640372164
105 945 0.0109695099365712 0 0 0.0005923812087541472 0.000658674166700523 0.01372284791484477 0.020769634671234986 0.02055810762818188 0.008752858209304538 0.012551738734794166
106 954 0.011019781773916706 0 0 0.0006009911433503242 0.0006561856869403294 0.013690896754437411 0.02027156280858309 0.020271291338129604 0.00880299080798668 0.012376662479256605
107 963 0.010932256629106026 0 0 0.0006017217428646494 0.0006350507964667723 0.01325184008049905 0.02022963326660588 0.01961583971409665 0.00824949624915979 0.012247808982352722
108 972 0.010346599520021607 0 0 0.0005224141915490859 0.0005890757858987701 0.012256360487605384 0.018777289430811115 0.01965170656125518 0.007927598962364594 0.010928297290021398
109 981 0.009283176370123639 0 0 0.00045646956426875594 0.0005209337372241426 0.010864484539984365 0.01609822942655954 0.017425979386405457 0.007171210400280624 0.009335879863169303
110 990 0.009252073655016 0 0 0.0004551461893655016 0.0005591126836953743 0.011624719039168556 0.0154879366302028 0.017337169512858124 0.007043976320255857 0.009175646309447023
111 999 0.00818394495416644 0 0 0.0004053774418231473 0.0004943837296682551 0.010095958497779316 0.013725125033566012 0.01543045855527437 0.006171076886029809 0.008195857709144374
112 1008 0.007171185443727158 0 0 0.00035347596748816186 0.0004333456511624367 0.008905835009485465 0.012099903472913433 0.01352479847506335 0.005275158276319778 0.0071618045150834775
113 1017 0.006547031129455775 0 0 0.0003230820639186631 0.00039961348371486867 0.008262166818211965 0.01104686076987423 0.01190146474392526 0.004740833612798059 0.006538928059413956
114 1026 0.00610683790373258 0 0 0.00030003385519742606 0.0003691137151468588 0.007670529323913498 0.010173443277281246 0.010873796342149824 0.004320726985842399 0.006066043889027444
115 1035 0.005837087471287796 0 0 0.0002829748935159893 0.0003593993262568744 0.007423882830957153 0.009636795419927567 0.010321534154197958 0.004144347852237203 0.0058104968496852745
116 1044 0.0053856401070236405 0 0 0.00025890291243057856 0.0003362866303224346 0.006993299897167251 0.008933409503138085 0.009377941619397192 0.003677423009263872 0.005260320816034612
117 1053 0.00509327130334512 0 0 0.00024239050254245805 0.0003143625521423027 0.006710276198803747 0.008639423711197875 0.009317485383030797 0.003465991104819864 0.004915060460396299
118 1062 0.004557276206943273 0 0 0.00021158479569128352 0.00028810809913180674 0.0061070815504323415 0.007313682532870259 0.008198544135242906 0.003046291902768328 0.004317935746984473
119 1071 0.0039165061442653646 0 0 0.0001750116063718743 0.00024566669233208664 0.005170219436459168 0.006293496399364839 0.006847081792868374 0.002466505575022746 0.00354389525617571
120 1080 0.0035899642510714793 0 0 0.00016118289587437637 0.00022446420610409666 0.004753465977493209 0.005689586853120632 0.006283798466661937 0.0022441066442897128 0.0033264921225709065
121 1089 0.0032795388058318897 0 0 0.00014915820437225432 0.0002038464445244334 0.004270682839739021 0.005483228708777923 0.006231107209784091 0.0020706052848060053 0.00311700503765565
122 1098 0.003017555387369485 0 0 0.0001415702890686471 0.0001893559193769693 0.003972287179763166 0.0051400190499911475 0.0058566025218183574 0.0018677157381934747 0.002891744889174313
123 1107 0.002671304821163523 0 0 0.0001214559719469546 0.0001656128293798596 0.00343254159942195 0.004423003963099785 0.005025047745702648 0.0016215555940656617 0.002455398438973971
124 1116 0.002588505443735531 0 0 0.00012428705411728425 0.000160060750148786 0.0033441830397981944 0.004258029726242285 0.0047366780121039075 0.0015246107907302064 0.0024799876961354096
125 1125 0.0026073817181028703 0 0 0.00012459771754645818 0.0001603823084664848 0.003354348822741206 0.004044364626536163 0.004661883144905236 0.0016251308854217934 0.00247540176243572
126 1134 0.0027587186333377094 0 0 0.00012369330533568317 0.00017961576760837857 0.003804603070808665 0.004142261350697692 0.004904515857036199 0.0017278381985209451 0.0024976220593901184
127 1143 0.0026853685459465007 0 0 0.00011802201024570756 0.00017499523746735513 0.003718626339931965 0.0039773600486767095 0.004727453312159106 0.0017513005639051766 0.0023827250634254086
128 1152 0.0024603609040305574 0 0 0.00011060905956044373 0.00016123591575505292 0.0034102751775555136 0.0036846460153349826 0.004367800061211474 0.0015698531224018933 0.0022642028804790255
129 1161 0.0021471722133172525 0 0 9.271701248263405e-05 0.0001395796498097899 0.002956668819878048 0.003170033463328951 0.0037703295647644225 0.0013312458510133319 0.0019132919858135347
130 1170 0.00199319314761174 0 0 8.441726374267465e-05 0.00012668876674618696 0.0026841652120201827 0.0028952147853271134 0.003531204064196992 0.0012241040006233295 0.0017496351873166937
131 1179 0.002000291320077542 0 0 8.706716016830158e-05 0.0001268327714645594 0.0026683479789369005 0.0028586158628649983 0.003653575289058727 0.0012486930325499327 0.0017473684090851026
132 1188 0.0019273042507132 0 0 8.561654370336959e-05 0.00012248644104258672 0.002602244672711075 0.002774421097786657 0.0035465732022240243 0.0012089711668366821 0.0016978605717050152
133 1197 0.0017583592145921816 0 0 7.946753078927397e-05 0.00011333441814526406 0.0024103632980964343 0.0025539062904810787 0.0031926594763877873 0.0011074063678338482 0.0015617538871045276
134 1206 0.0016080644716055404 0 0 7.256469838800065e-05 0.00010377303114570355 0.00220986008570603 0.0022346230962830044 0.0028510141679350684 0.0009690356181752148 0.0014046739295712604
135 1215 0.0016134290019900904 0 0 7.516297641641956e-05 0.00011125965624326328 0.002364650065122141 0.0021895606851226657 0.0027676862979142416 0.0009331298251173079 0.0014341571239581685
136 1224 0.001684931551522379 0 0 7.707505653787015e-05 0.00012390790659310954 0.0026296344429346434 0.0022886837478900833 0.0028494636304907048 0.0009523109474629253 0.0014519646795516435
137 1233 0.0015949625693070795 0 0 7.145189558933126e-05 0.00011787033100904238 0.002501967714427714 0.0021227865385853 0.002602852845097115 0.0009305184477988218 0.0013448882982543908
138 1242 0.0014941484554771632 0 0 6.698459706163992e-05 0.00011053031777209291 0.0023463349100293963 0.001986182265754938 0.002458906386523356 0.0008865020337535807 0.0012655751490637647
139 1251 0.0014657621762245226 0 0 6.707190706206432e-05 0.00011663722868503368 0.0024720991233020007 0.002159360045191317 0.0026674837350755816 0.0008253599544009334 0.0012483028655987031
140 1260 0.0014295783149588118 0 0 6.831951328773532e-05 0.00010931994112041873 0.0023151337286792693 0.0020657615065189957 0.00249350783378935 0.0007959543156078104 0.0012544789011008776
141 1269 0.001346623039403298 0 0 6.388753403340934e-05 0.00010037966973626106 0.0021293246232652256 0.0018385687562272293 0.0022795202468478323 0.0007220521072930281 0.0011488826834830487
142 1278 0.0014180151780215893 0 0 7.512423723101823e-05 0.00010177200577905996 0.0021462276887944365 0.001962618438502199 0.0024086552660438905 0.0007625610211646616 0.0013377616260416528
143 1287 0.0014543041453101006 0 0 7.489601419606217e-05 0.00011280462866791807 0.002393573240885871 0.002065567469761048 0.002526253008341762 0.000786553297321839 0.0013216696679243763
144 1296 0.0014145995246227848 0 0 7.238107272265262e-05 0.00010727190359311369 0.002269525928095074 0.0020096888405956026 0.0024324131561078064 0.0007712232259464744 0.0012811171906733558
145 1305 0.0012554760482169846 0 0 6.361233265714699e-05 9.010377510398687e-05 0.0019079246813678554 0.001755345940925366 0.0021482298795513976 0.000694655253505274 0.001132567273961195
146 1314 0.0012002460779761246 0 0 5.9415106009338216e-05 8.216767096583754e-05 0.001737164456643993 0.0015705430536289817 0.0019248370954212768 0.0006648819272171827 0.001046243570938554
147 1323 0.001038746721478214 0 0 5.087375815570079e-05 7.078276759044638e-05 0.0014965508002556902 0.0013640323404869377 0.0016784597231275988 0.000574604560474776 0.0008952382555199713
148 1332 0.000933374048193443 0 0 4.729949459468736e-05 6.244799358959268e-05 0.0013217749368522897 0.0012229334221502944 0.001483439350567551 0.000522202625010185 0.0008306109613287547
149 1341 0.0008087491377549824 0 0 3.958511687232633e-05 5.340398370856105e-05 0.0011439865741322932 0.0010275076439741418 0.00126057408133225 0.0004449426741920232 0.0006915602941118494
150 1350 0.0007119409616581171 0 0 3.44189525295825e-05 4.703020727694851e-05 0.0010059407100470132 0.0009021295207863219 0.0010872141555900233 0.00038989600355694514 0.0006023924961089882
151 1359 0.0006463086657074353 0 0 2.893705507110991e-05 4.273329161533498e-05 0.0009148713676954199 0.0007757735738315079 0.0009348834423729498 0.00035589889294616097 0.0005192442629701487
152 1368 0.0006144890797878607 0 0 2.766840046668477e-05 4.042411771220525e-05 0.000862684371762697 0.0007303335996211127 0.000890125726360938 0.00033135958055532087 0.0004993665632672057
153 1377 0.0005716329298723768 0 0 2.5467827654167768e-05 3.811714903406717e-05 0.0008159183056223083 0.0007016417773107658 0.0008567036456906584 0.00031283915847754405 0.0004625248123626532
154 1386 0.0005541191534033995 0 0 2.5705213461053712e-05 3.677568163312044e-05 0.0007902996397808628 0.0006614064503364347 0.0008061333171334529 0.0002985087618018602 0.00046381080239281717
155 1395 0.0005257904933712441 0 0 2.484415045698596e-05 3.4797738558750445e-05 0.0007478416669447045 0.0006322455623455847 0.000755236143378781 0.0002715948076400805 0.0004456600601743563
156 1404 0.0005031936476682401 0 0 2.389422307016773e-05 3.3848600576371145e-05 0.0007261722013410508 0.0006282830209370127 0.0007534052590588167 0.0002543678889907279 0.0004281871845363579
157 1413 0.00042739769361932825 0 0 2.0837037816562047e-05 2.8102576011213766e-05 0.0006065942945038586 0.0005370083635619429 0.000646760293238705 0.00021460634414396953 0.00036847351667941206
158 1422 0.00038076530971836096 0 0 1.776813780969688e-05 2.492011649231869e-05 0.0005371939013518795 0.000478689674913962 0.0005729521303387474 0.0001909760965143815 0.0003112645926350178
159 1431 0.00033531287071963647 0 0 1.529283858192813e-05 2.1548517000825842e-05 0.00046485060780530527 0.000420803380488655 0.0005020972616613602 0.0001681111977737686 0.0002707782092477858
160 1440 0.0002976457504415991 0 0 1.3012645140333464e-05 1.8986848971485578e-05 0.0004086640394989015 0.00037327733086457937 0.00044293496136895647 0.00014911689912219578 0.00023243719059194308
161 1449 0.0002736479929587947 0 0 1.1594111574150926e-05 1.7930881033231538e-05 0.0003865568675872426 0.0003474258031867766 0.00041375778809859686 0.00013876618339373446 0.00020294344207096967
162 1458 0.00026050734677857075 0 0 1.066933082412565e-05 1.808392750105692e-05 0.0003912464348295633 0.000324906978099434 0.00038134743265005427 0.0001289511812371419 0.00018826263027859084
163 1467 0.00023884496619141978 0 0 9.840306631402112e-06 1.644120210279881e-05 0.00035530996524446877 0.0002983574770836948 0.00034791237570856406 0.00012217360004961844 0.0001735332237223814
164 1476 0.0002114429214954522 0 0 8.569245287420667e-06 1.468968416333365e-05 0.0003182068271096169 0.00026464405849048223 0.00030499451857629475 0.00010749900994497125 0.00015308270705539174
165 1485 0.0001867644259091321 0 0 7.4068598834773704e-06 1.2982594675293736e-05 0.00028145002458576884 0.00023512955119113176 0.0002708825547924824 9.363194060507019e-05 0.00013078965805565312
166 1494 0.0001688185178610479 0 0 6.7007008848833e-06 1.1899204924181969e-05 0.00025772697718285135 0.00021393510370231353 0.00024701976846595744 8.265539064189386e-05 0.00011912541815925345
167 1503 0.00015415221949383493 0 0 6.127398858383306e-06 1.1057861957662622e-05 0.00023917322130378316 0.00020034527753300834 0.0002290997391415132 7.406418048840722e-05 0.00010893909084804397
168 1512 0.00016056157417379977 0 0 6.53947591815103e-06 1.2067177180489425e-05 0.0002606761051911139 0.00022663324271333533 0.0002565017235295508 7.873778780723708e-05 0.00011465544649897328
169 1521 0.00014872268328405282 0 0 5.790249508256821e-06 1.1036457886126817e-05 0.00023867680341917483 0.00020533757027201374 0.00023200948087304343 7.16219649243497e-05 0.00010252588792467529
170 1530 0.00012143934517109724 0 0 4.6104605198772955e-06 8.895233115984548e-06 0.00019248885856620963 0.00016643997151280735 0.00018824742251568802 5.813316601722228e-05 8.144618284448964e-05
171 1539 0.0001123330756279984 0 0 4.132990938417374e-06 8.085225935810804e-06 0.0001752869108470376 0.00015261804963668992 0.00017374912548282832 5.3458350901545616e-05 7.26903805436091e-05
172 1548 9.593691327012208e-05 0 0 3.527636505367095e-06 6.852981237561964e-06 0.00014844961509702956 0.00013023124628612186 0.00014846721885149105 4.5262840713321416e-05 6.217033873033315e-05
173 1557 9.067318967111789e-05 0 0 3.2034784194113565e-06 6.490257690519465e-06 0.00014072077243505257 0.00012106723272324645 0.00013923596258380079 4.2725540631777324e-05 5.706187583770281e-05
174 1566 8.492889574979276e-05 0 0 2.9341144095256022e-06 6.117354109023704e-06 0.00013271595317343942 0.00011500986519212599 0.0001315188979435209 4.1222065816620965e-05 5.328689455544389e-05
175 1575 8.566667994507673e-05 0 0 2.91412788265397e-06 6.768704841580736e-06 0.00014665914278893044 0.00011767735981001488 0.0001321957861119601 4.2346562412934045e-05 5.3232678879128905e-05
176 1584 8.701771327008676e-05 0 0 2.9108314012436723e-06 6.855796859445267e-06 0.0001485516092245374 0.00011440198827281881 0.00012841736388679702 4.1469881506761254e-05 5.30844008427987e-05
177 1593 8.105556610811553e-05 0 0 2.6700834428452854e-06 6.3916678117981434e-06 0.000138432766623765 0.00010423805381485351 0.00011821390066351984 3.941272815820627e-05 4.9028327744442865e-05
178 1602 7.057906192220178e-05 0 0 2.3487246487308693e-06 5.467489183581807e-06 0.00011847642835846176 8.98764953530174e-05 0.00010249409102086477 3.357287025278476e-05 4.313360741417483e-05
179 1611 6.508267174947081e-05 0 0 2.27481630185773e-06 5.0002780323406785e-06 0.00010816381414944899 8.29152934957767e-05 9.502098100175014e-05 3.120503480573915e-05 4.1818325661749736e-05
180 1620 5.5148285360450806e-05 0 0 1.924490780726031e-06 4.320890691545652e-06 9.336031127862958e-05 7.056434741270296e-05 8.040329771860626e-05 2.5855599457991468e-05 3.5509743290784826e-05
181 1629 5.509083818131339e-05 0 0 2.070899642989332e-06 4.380534508015307e-06 9.459017247224783e-05 7.096734472353021e-05 8.108755201349637e-05 2.5580753019167094e-05 3.8133842578880414e-05
182 1638 5.4004432151011665e-05 0 0 2.048648477535962e-06 4.298275574743898e-06 9.281753361854962e-05 7.001877057164482e-05 7.985935391362288e-05 2.450474162008518e-05 3.790830843883999e-05
183 1647 4.829904660765634e-05 0 0 1.7485652284858856e-06 3.87028277779342e-06 8.355062653152245e-05 6.226930250154142e-05 7.132390228916266e-05 2.1897674284653653e-05 3.230649017992093e-05
184 1656 4.094440871520959e-05 0 0 1.4467752044899346e-06 3.2385319335810677e-06 6.987804425127692e-05 5.2850759634810645e-05 6.082397840046612e-05 1.8097052582572722e-05 2.663097569874553e-05
185 1665 3.740054023745646e-05 0 0 1.257583108427652e-06 2.929231958018124e-06 6.318091358414725e-05 4.562266568914342e-05 5.303045366950437e-05 1.735998855193389e-05 2.3070857235618957e-05
186 1674 3.209219907129848e-05 0 0 1.0889365988843624e-06 2.5075943048903905e-06 5.404185489316537e-05 3.952180638936232e-05 4.5932809536677215e-05 1.5028805004821237e-05 1.9782816278958267e-05
187 1683 2.902275718118867e-05 0 0 9.960195995341639e-07 2.2522504310494916e-06 4.853707699252167e-05 3.611669028629032e-05 4.212932676240582e-05 1.398111681899122e-05 1.774308311929516e-05
188 1692 2.769219048243188e-05 0 0 9.346767219820295e-07 2.1397517242207114e-06 4.609234273416223e-05 3.478267853938172e-05 4.082671057512893e-05 1.3483629998657766e-05 1.649769397405987e-05
189 1701 2.4346100431845237e-05 0 0 8.1824556707924e-07 1.8449391914457721e-06 3.968861024028281e-05 3.097025788989069e-05 3.671795899907385e-05 1.1799816843849264e-05 1.446551304541578e-05
190 1710 2.1739135637931754e-05 0 0 7.295144191830521e-07 1.671923041979706e-06 3.5967799290149695e-05 2.804046145220936e-05 3.3353317882909784e-05 1.0477486865370729e-05 1.3001441581680474e-05
191 1719 2.0370659223515212e-05 0 0 6.80283585721332e-07 1.672021477465404e-06 3.596308386578677e-05 2.6400800704323576e-05 3.088997649008709e-05 1.000187536279254e-05 1.2216182625925473e-05
192 1728 1.876800311070305e-05 0 0 6.314256942379523e-07 1.5669535636416698e-06 3.37050977078239e-05 2.4046520863061537e-05 2.790856361800551e-05 9.497063781020005e-06 1.1402054655494276e-05
193 1737 1.8523587177130376e-05 0 0 6.100112530066303e-07 1.573100311859429e-06 3.384963949963826e-05 2.3779253782698277e-05 2.76442410317183e-05 9.139008572663589e-06 1.109719071973428e-05
194 1746 1.743418435155758e-05 0 0 5.872509549057909e-07 1.530861174771095e-06 3.2946100485976446e-05 2.2672689405115754e-05 2.57878615027012e-05 8.628942655340978e-06 1.0478610441405375e-05
195 1755 1.651512445379496e-05 0 0 5.4705082605689e-07 1.412222235494709e-06 3.0403918495237143e-05 2.161242329899903e-05 2.490037014326281e-05 8.169344060365333e-06 9.797872081095026e-06
196 1764 1.5170843992126184e-05 0 0 5.091026073735485e-07 1.2878057237043976e-06 2.773843452601155e-05 1.9996754573016822e-05 2.2984263984364596e-05 7.524670278186889e-06 8.966043757203246e-06
197 1773 1.2790202558384704e-05 0 0 4.2664018160621056e-07 1.1020295719203034e-06 2.374587073587843e-05 1.7144061911989418e-05 1.9485251957283895e-05 6.294261113255085e-06 7.443010069745759e-06
198 1782 1.0905464540077247e-05 0 0 3.6374163248095515e-07 9.331899982812533e-07 2.0114632711459727e-05 1.4777038004704275e-05 1.6852590946923652e-05 5.2734760302422125e-06 6.362404859441892e-06
199 1791 9.52252739893534e-06 0 0 3.105382153294189e-07 7.84095661010683e-07 1.6891278455677656e-05 1.1813783406259065e-05 1.3399211427212292e-05 4.612037524214398e-06 5.603161452823971e-06
200 1800 8.88264315421993e-06 0 0 2.9036677820496417e-07 7.241496507347739e-07 1.5591393682399323e-05 1.0999622229318459e-05 1.2537908148035653e-05 4.213859863855096e-06 5.3197733800603256e-06
201 1809 9.91031401032707e-06 0 0 3.249291443098894e-07 8.675041629941599e-07 1.866207249745589e-05 1.2594468219252756e-05 1.4052396416021027e-05 5.18414915270068e-06 5.801042535213865e-06
202 1818 1.0607385724395992e-05 0 0 3.4632116670024e-07 9.491286956102716e-07 2.041971672487807e-05 1.3719750173326585e-05 1.527351752650682e-05 5.766676250411252e-06 6.140706063834003e-06
203 1827 1.1241383896183304e-05 0 0 3.7796221744213497e-07 1.020557707985362e-06 2.1964574755769957e-05 1.4800863809486599e-05 1.6405231638782956e-05 6.378393062815667e-06 6.521688803099734e-06
204 1836 1.1983562069677173e-05 0 0 4.242184541620791e-07 1.1059986360003964e-06 2.3803508876259628e-05 1.5822575433662568e-05 1.7443896821656203e-05 6.7177705501697195e-06 7.229690370317277e-06
205 1845 1.2535643416789106e-05 0 0 4.800323650910195e-07 1.150549269589389e-06 2.4764327327661855e-05 1.6534473507449055e-05 1.8244250892464942e-05 6.955654328788328e-06 8.293758578980706e-06
206 1854 1.3888784886522104e-05 0 0 5.646520126535364e-07 1.2542242726285416e-06 2.7009401577902244e-05 1.7985242169977046e-05 1.994083762459364e-05 7.690479507622393e-06 9.787789193736286e-06
207 1863 1.4285456614282227e-05 0 0 5.952495214174154e-07 1.3607976553991042e-06 2.9302629607624027e-05 1.9444179976925614e-05 2.1214583642198346e-05 7.952728867738652e-06 1.0307944190150562e-05
208 1872 1.1768926934914294e-05 0 0 4.815566296941677e-07 1.1298586944053007e-06 2.4329179090388648e-05 1.6075651109084916e-05 1.731121969162167e-05 6.060334618568106e-06 8.523505904055818e-06
209 1881 1.0460992829468665e-05 0 0 4.2139982997201024e-07 1.0042877716865137e-06 2.1624132763331163e-05 1.4475048202653065e-05 1.551733173834373e-05 5.493078348823607e-06 7.40004567190109e-06
210 1890 9.11511717595968e-06 0 0 3.7095295456520724e-07 8.487258147303927e-07 1.8269878105653363e-05 1.2362570221787683e-05 1.337856224708918e-05 4.848973978330676e-06 6.445848924815915e-06
211 1899 8.396720378192617e-06 0 0 3.347356643330784e-07 7.848367957732415e-07 1.68909089429316e-05 1.1422874147261519e-05 1.2386419140051046e-05 4.5009472768709594e-06 5.833645591746695e-06
212 1908 9.180112122672453e-06 0 0 3.59014764268235e-07 8.725239577209922e-07 1.878218670660373e-05 1.3032483930745193e-05 1.406429211846134e-05 4.8933431718391405e-06 6.300279481138892e-06
213 1917 8.436723672780494e-06 0 0 3.384254838474079e-07 7.88987836943787e-07 1.69782479017555e-05 1.1907435886645767e-05 1.2914734588819524e-05 4.585885201325322e-06 5.886968998845809e-06
214 1926 8.345818714188182e-06 0 0 3.4101138821698243e-07 7.362793207212392e-07 1.5839014149220433e-05 1.1113839359092957e-05 1.2175598608698818e-05 4.654876203613657e-06 6.149931305333275e-06
215 1935 7.944619387716596e-06 0 0 3.172798746363946e-07 7.139240105685963e-07 1.5360915613923014e-05 1.0905015190228517e-05 1.1813675106032365e-05 4.390568015490214e-06 5.7744572470967625e-06
216 1944 7.378165921917596e-06 0 0 2.940297975001278e-07 6.579340468238057e-07 1.4158101059999738e-05 1.0261561604434356e-05 1.1150918912734706e-05 3.948294328327833e-06 5.375665499147753e-06
217 1953 6.651739538005663e-06 0 0 2.6919730962375806e-07 5.875109935608507e-07 1.2637937883865656e-05 9.015364823178744e-06 9.76307547296672e-06 3.5341442138110785e-06 4.89186332526384e-06
218 1962 5.853522911580904e-06 0 0 2.39225391378311e-07 5.234588253347291e-07 1.1261858505342363e-05 8.273191459214763e-06 8.966809814481457e-06 3.0234047830176346e-06 4.3405045967363405e-06
219 1971 5.521830411324291e-06 0 0 2.3281830190704178e-07 5.087617294013017e-07 1.0942567333391413e-05 8.178487618824393e-06 8.838061660492163e-06 2.794809991603095e-06 4.217163425015168e-06
220 1980 5.33691626943283e-06 0 0 2.2309382838830194e-07 5.409387555904217e-07 1.163905637191115e-05 8.40866512844482e-06 8.82356753571586e-06 2.6321314905531657e-06 4.015009241426419e-06
221 1989 4.642823976358976e-06 0 0 1.864638824972051e-07 4.7150772811511123e-07 1.0145817283896472e-05 7.262522489586669e-06 7.608113582128333e-06 2.2457200829638982e-06 3.37341485366641e-06
222 1998 4.605744830728539e-06 0 0 1.9176502464358657e-07 4.703025744037981e-07 1.011782981176377e-05 7.00586014415988e-06 7.273959815946721e-06 2.272748996481255e-06 3.53140119180732e-06
223 2007 4.367224495318167e-06 0 0 1.8946647396056872e-07 4.5498455057430126e-07 9.789091198645321e-06 6.6677198047289065e-06 6.891717241053629e-06 2.1569275962586515e-06 3.499979056071994e-06
224 2016 4.202787306009746e-06 0 0 1.8677517171880943e-07 4.407772073951626e-07 9.482607685869815e-06 6.253449487146133e-06 6.410703962155379e-06 2.0405888422698655e-06 3.474638484187236e-06
225 2025 3.937753752942428e-06 0 0 1.772421299175972e-07 4.1731116376657213e-07 8.978296092057061e-06 5.8334034382457496e-06 5.93697964253314e-06 1.8765259459267937e-06 3.30587551868342e-06
226 2034 3.5664506045731877e-06 0 0 1.5971329252743476e-07 3.7228218538775255e-07 8.009111818080944e-06 5.099867609849747e-06 5.152585649652738e-06 1.6834123526922965e-06 3.023732786865379e-06
227 2043 3.2433212424319416e-06 0 0 1.4065792601131846e-07 3.409407544798079e-07 7.333844541924106e-06 4.574590691781543e-06 4.561787074838037e-06 1.5404844885117436e-06 2.643227033889097e-06
228 2052 3.262744237801482e-06 0 0 1.4020767856764498e-07 3.3340494116461194e-07 7.172203210523318e-06 4.576108672210892e-06 4.624913138551371e-06 1.5809011748902094e-06 2.6621695164074555e-06
229 2061 3.095768244395914e-06 0 0 1.3253166855221376e-07 3.1325089358249083e-07 6.73759638685127e-06 4.3589486219462976e-06 4.431291090481482e-06 1.4380481369320545e-06 2.490126767691369e-06
230 2070 3.478832248752704e-06 0 0 1.4492818570840393e-07 3.8346570038377914e-07 8.24837496886503e-06 5.5883584794093045e-06 5.7307878341437635e-06 1.6097455438600437e-06 2.745305005708632e-06
231 2079 3.42475600025807e-06 0 0 1.457230379582507e-07 3.7646927598828813e-07 8.0983605544154e-06 5.548424150052267e-06 5.681404789782014e-06 1.5564036489339704e-06 2.756731559916737e-06
232 2088 3.452720851945377e-06 0 0 1.5851318292760453e-07 3.604902986585978e-07 7.752043092497337e-06 5.277766090541234e-06 5.43038566523194e-06 1.5683990575161382e-06 2.939634006777878e-06
233 2097 3.56460568155158e-06 0 0 1.6960825428148063e-07 3.6298684943788284e-07 7.805143068819875e-06 5.385201561131139e-06 5.5784165517290966e-06 1.5594344504082098e-06 3.100087682396271e-06
234 2106 3.484403393226559e-06 0 0 1.7089719784957375e-07 3.5986689088819054e-07 7.737606729586735e-06 5.246899600070327e-06 5.3838117409265726e-06 1.554974626802334e-06 3.143056617473731e-06
235 2115 3.3901699061137176e-06 0 0 1.6441612274345564e-07 3.5898997007019437e-07 7.720362514788727e-06 5.130316302008523e-06 5.2271149562040985e-06 1.5948988611187726e-06 3.067127365852647e-06
236 2124 3.6206271329741106e-06 0 0 1.7767684547944305e-07 4.2009578795137907e-07 9.035336584091474e-06 5.651918335039825e-06 5.601407201725113e-06 1.7481297572269761e-06 3.3359429977858112e-06
237 2133 3.891551366054633e-06 0 0 1.9893050760894467e-07 4.748696638867166e-07 1.0214728936772495e-05 6.420036495246582e-06 6.348462834037786e-06 1.8698525011296467e-06 3.7111161863049293e-06
238 2142 3.911148985331902e-06 0 0 2.0154276875015776e-07 4.846946973126552e-07 1.0427156786153508e-05 6.604571217667007e-06 6.593247542214511e-06 1.939309786168437e-06 3.808302804962903e-06
239 2151 3.942256831134823e-06 0 0 2.1500742852769317e-07 4.857031608779003e-07 1.0449236036023463e-05 6.521578251182059e-06 6.471586526821889e-06 1.9765318612774316e-06 4.040173216796482e-06
240 2160 4.132558589822921e-06 0 0 2.272665518181936e-07 5.083377268530361e-07 1.0936663111215926e-05 6.91645390462853e-06 6.924171846511779e-06 2.2130174272572427e-06 4.353131827414247e-06
241 2169 4.257022305875478e-06 0 0 2.4905215650173315e-07 5.287319591522985e-07 1.1375323721808203e-05 7.118776183489858e-06 7.112638573332147e-06 2.343112863188911e-06 4.8090668828440524e-06
242 2178 4.696215176902666e-06 0 0 2.86293910211333e-07 6.034997636296618e-07 1.298221640739181e-05 7.941294245030931e-06 7.832078051047722e-06 2.7961177720902263e-06 5.653038568495159e-06
243 2187 5.496799144680203e-06 0 0 3.6346277322000394e-07 7.528593191610159e-07 1.6191890119040688e-05 9.752676572998897e-06 9.474663320390593e-06 3.630067591229814e-06 7.3843431831415005e-06
244 2196 6.0792582613749955e-06 0 0 4.092194441007928e-07 8.618799022192798e-07 1.8535114167654197e-05 1.0996637092916857e-05 1.0579645651428013e-05 4.4334751206329136e-06 8.421297016619785e-06
245 2205 6.9386766254310385e-06 0 0 4.872871692349229e-07 9.850207954638548e-07 2.1180545879107447e-05 1.2274083626561975e-05 1.1679959601166579e-05 5.6272557158025365e-06 1.030596793417554e-05
246 2214 8.730942520290013e-06 0 0 6.427215307695485e-07 1.300632961362945e-06 2.7967036330087266e-05 1.560697537215257e-05 1.4581003078440833e-05 7.801104409806086e-06 1.3840821824283411e-05
247 2223 1.0789900594436997e-05 0 0 8.219946170195905e-07 1.7054506484525137e-06 3.6675560346181616e-05 2.0165880006168214e-05 1.8581553359547078e-05 9.998367006225132e-06 1.7796478819880125e-05
248 2232 1.385660431377039e-05 0 0 1.0535905617523115e-06 2.226620852383002e-06 4.788083182725133e-05 2.6031418809661642e-05 2.3806890512912463e-05 1.312819209496729e-05 2.2938987271280566e-05
249 2241 1.800534977561664e-05 0 0 1.4214945993745148e-06 2.868676768895743e-06 6.168725579287871e-05 3.288789702903942e-05 2.9747155234513613e-05 1.716191720688122e-05 3.090557241314595e-05
250 2250 2.0341759056131982e-05 0 0 1.6234322360434484e-06 3.2261416233162446e-06 6.93745502799007e-05 3.657988828140931e-05 3.2865164981672595e-05 1.9271526420107825e-05 3.524299227323103e-05
251 2259 2.4111222090134752e-05 0 0 1.8517065540773306e-06 3.920144390586899e-06 8.429925062952369e-05 4.33261576079323e-05 3.850223485107187e-05 2.4867427087829967e-05 4.1323035016019114e-05
252 2268 2.4853992101647685e-05 0 0 1.984427693815449e-06 4.017393462997033e-06 8.63936051457561e-05 4.5219089723241385e-05 4.0744804538099277e-05 2.5069280821763477e-05 4.378779361706754e-05
253 2277 2.6252038430553802e-05 0 0 2.1212032053956366e-06 4.193290302274559e-06 9.017942796906632e-05 4.663393388663406e-05 4.224324605214732e-05 2.721291898820244e-05 4.7121064178335245e-05
254 2286 3.0598599897842875e-05 0 0 2.784170480159446e-06 5.35141611948368e-06 0.00011508145106280228 5.657109660812024e-05 4.985747451856031e-05 3.5963021067917404e-05 6.251800084686563e-05
255 2295 3.6981855224527824e-05 0 0 3.5712718000885177e-06 6.602480601362787e-06 0.00014198198399280952 6.826058768628528e-05 5.9747977278487264e-05 4.53123242612596e-05 8.022845160803003e-05
256 2304 4.816131108382318e-05 0 0 4.702618284692792e-06 8.669468435493409e-06 0.0001864263768553907 9.104517832080373e-05 7.972051540738144e-05 5.886579599779676e-05 0.00010546481723001897
257 2313 6.00803443132622e-05 0 0 5.790835308396482e-06 1.086909358551499e-05 0.0002337278711914757 0.0001139171149462463 9.874273243050254e-05 7.303460209092904e-05 0.00012979384390219596
258 2322 7.333885062460193e-05 0 0 6.801564139576334e-06 1.3026876613995994e-05 0.00028012835629825196 0.00013704700598889214 0.00011918756192230129 8.671194173173997e-05 0.00015223569887016342
259 2331 8.129847020945886e-05 0 0 7.368864967376773e-06 1.4391219548259245e-05 0.0003094595373464872 0.00015146552084899776 0.00013028829076503954 9.29758952622143e-05 0.00016405861047549933
260 2340 8.854720252607985e-05 0 0 8.18485027407328e-06 1.5400812398647525e-05 0.000331176366995222 0.0001633657641233448 0.00014131151573926396 9.869716217227773e-05 0.00018066720428315547
261 2349 0.00010156653956941109 0 0 1.0078955080894879e-05 2.1247964489672554e-05 0.000456869516302875 0.00022607552681801858 0.00019122851434574104 0.00012485860428619128 0.0002251602824278596
262 2358 0.00010459852415752075 0 0 9.837532410958862e-06 2.221465691701093e-05 0.00047765177969960273 0.00024003195796524988 0.00020389677735605037 0.00012911776981100727 0.00022226674573189428
263 2367 0.00012377839939128226 0 0 1.3542649468635395e-05 2.9637294334234876e-05 0.0006372476555546268 0.00031391302354882953 0.0002603495807117927 0.00017043156465641296 0.00030578631148094797
264 2376 0.00014059390144241258 0 0 1.713932450491822e-05 3.62155823989738e-05 0.0007787028687916231 0.00037718874705773347 0.0003079513943217071 0.00020743694347472383 0.0003855300417888913
265 2385 0.00015886171069630752 0 0 1.9634507064837586e-05 4.241853546092817e-05 0.0009121567438405002 0.0004416396197325083 0.00035930697381917866 0.00023706559304273442 0.00044216393831572034
266 2394 0.00017436433251357612 0 0 2.312930089530807e-05 5.094240591690996e-05 0.0010954485256033412 0.0005389280260757798 0.0004417033292227284 0.0002778011339291033 0.0005223889015478177
267 2403 0.00021549372940152633 0 0 2.909170422596847e-05 6.438321985794294e-05 0.0013845199534674116 0.0006940889335848872 0.000574702918371307 0.000337999759306329 0.0006524607143358742
268 2412 0.0002683002278280797 0 0 3.6796576672365626e-05 8.1646107651617e-05 0.0017556871605403604 0.0008807536548740099 0.0007285253754882226 0.0004301824122233452 0.0008267307292386908
269 2421 0.0003311541642297128 0 0 4.440909123206367e-05 0.00010022374879310564 0.0021551229309039127 0.0010714140242345399 0.0008801644450165504 0.0005335336987215615 0.0010035864469645718
270 2430 0.0003924140797499233 0 0 5.145049042520278e-05 0.00011603068318669434 0.002495072060436745 0.001259856133867008 0.001046809087094246 0.0006016724087816471 0.0011537210660442522
271 2439 0.0004534100008415037 0 0 6.032417271863407e-05 0.00013278344846785398 0.002855355854928012 0.0014435177346484023 0.0012015119401822135 0.0007013000351921937 0.0013511562277881682
272 2448 0.0005237118782864664 0 0 7.466324313361943e-05 0.00016258289592961873 0.0034962766501870552 0.0017302538440732817 0.0014175934431472764 0.0008784666733145836 0.0016808094313756467
273 2457 0.0006523436984875418 0 0 9.734467818357937e-05 0.0002118568426853322 0.00455581819541039 0.002249321344566384 0.0018370999850213288 0.0011479152806802755 0.0021943014041765864
274 2466 0.0008747785821172548 0 0 0.00013749429213470908 0.00030448449867824713 0.006547902651305153 0.0032399495265452633 0.002646440052370871 0.0016279965288754138 0.003106318074568548
275 2475 0.0011874349846332198 0 0 0.0001852731701675516 0.00040566624645800423 0.008723630606450658 0.0043254229838005425 0.0035427923235450813 0.0021646532732087507 0.004174828491496516
276 2484 0.0013748148417193262 0 0 0.0002117959662146012 0.00045452124820586124 0.00977431840972878 0.004818097056922322 0.003937291435265727 0.0024834673546013327 0.004773959919958097
277 2493 0.0013783902865863026 0 0 0.0002041871688194276 0.00043762812299086073 0.00941119220053824 0.004619393356651331 0.003766931304930627 0.002405384864360162 0.004602267111693159
278 2502 0.0015926777172982354 0 0 0.00025361013039204084 0.0005191580325952425 0.011163948089324388 0.005386731752481367 0.004342393338882528 0.0029481009574549846 0.0057155842071258955
279 2511 0.0016654991620143446 0 0 0.00025768143752732633 0.0005295705520277173 0.011387472710218484 0.005530663295729647 0.004489515144679539 0.0030100276395260005 0.005811087242118206
280 2520 0.0017684343399040586 0 0 0.0002671628300817066 0.0005400222215763707 0.011611665709335655 0.005665004101671133 0.004621645699567889 0.0030336542802068813 0.005987426464197457
281 2529 0.00204915082771482 0 0 0.00031629936894789017 0.0006100808860940685 0.013118035661659377 0.0062733189039477786 0.005101641734446965 0.0036648220121965587 0.007122190807204411
282 2538 0.0023244567825832308 0 0 0.00035723232171667047 0.0006598225309848629 0.014187306117672297 0.006813369449326687 0.005595679139539831 0.004060305334682376 0.008013725315746857
283 2547 0.00247275465044099 0 0 0.00036171079629878554 0.0006690736337714071 0.014386571342671753 0.007015143540121862 0.005865999470274842 0.004153202569893245 0.008124160819176713
284 2556 0.002584146229808228 0 0 0.0003769829489319211 0.0006850591097156369 0.014730067261085457 0.007257124483537949 0.006126219490030924 0.004229134775171519 0.008432353137866878
285 2565 0.0030257863198009673 0 0 0.0004424669169950261 0.0007830499593146935 0.01683656090357792 0.008568349952645802 0.007501962396524031 0.004949815010932279 0.00989329602699172
286 2574 0.003305376962552361 0 0 0.0004707606311335074 0.0008014709078872621 0.01723191812121313 0.008997206259095366 0.008091358977888806 0.005254629799202221 0.010514657790011706
287 2583 0.003840647628413911 0 0 0.0005710622449773636 0.0009071791600706286 0.019504086298017184 0.010498959692510083 0.009808504682661473 0.006391840409522303 0.012775876902774711
288 2592 0.0038930580180452125 0 0 0.0005704168227911346 0.0008654479842752871 0.01860704532367138 0.010020548868466405 0.009485666857437972 0.006299343028330662 0.012728853175854635
289 2601 0.0043407239286880955 0 0 0.0006661002043555775 0.0009489965243270512 0.020402963583321602 0.011292026307592708 0.011008651061764277 0.007184814208130264 0.014801863914743632
290 2610 0.0052355203830263325 0 0 0.0007853284689423191 0.0010979884058303813 0.02360560609260873 0.013637771618626343 0.013630307427142368 0.008521872171229966 0.017452574354167173
291 2619 0.0057703753194276435 0 0 0.0008456246504921089 0.001183922199347271 0.02545295806647632 0.014950238734975694 0.01503455573476398 0.008969246071235787 0.018702380874804074
292 2628 0.006475666996246633 0 0 0.0010189468889526398 0.0012983390824535502 0.02791377434495113 0.016052729704260558 0.016290189287782163 0.010447855340438496 0.022423817429188125
293 2637 0.006238983065216694 0 0 0.000976679679758333 0.0012317028183162024 0.026480886146159677 0.01528169983201691 0.01549995873764146 0.009780434098976677 0.021401688512705064
294 2646 0.006539910112348082 0 0 0.0010059848207950807 0.0012838661881092938 0.02760259407780799 0.015884220628455282 0.015996258982556202 0.009863951224215564 0.021925901361101206
295 2655 0.006273099211409863 0 0 0.0009247284507347529 0.001188666944767507 0.02555567455626674 0.014781797332108356 0.014900183147850231 0.009196162878250036 0.020198322803849537
296 2664 0.005465659556824691 0 0 0.0007472438484637041 0.00095796803264423 0.02059506660983551 0.012201397480109443 0.012460747245586944 0.007447880982611754 0.016308065099875327
297 2673 0.005304033006596431 0 0 0.0006846076162597129 0.0008837789616563819 0.018999854201251724 0.011293693743508264 0.011567103013916235 0.00695429236628163 0.014977736174056355
298 2682 0.0047917690528843015 0 0 0.0005780396072691534 0.0007827698107504607 0.0168283385613435 0.010271741002295635 0.010592173928791039 0.005940431150850099 0.012655889112627541
299 2691 0.004128891564060931 0 0 0.0004646507841178326 0.000668750989834048 0.01437657861128704 0.008885142313361521 0.009112929229388857 0.004780268852202476 0.010152345688721195
300 2700 0.0035148291949250003 0 0 0.0003850583945066578 0.0005464748345461951 0.011747644669208456 0.007275731858104745 0.007468665082068451 0.003947990783909373 0.008399329704515138
301 2709 0.0031687754673669953 0 0 0.00033918166824139785 0.000449697107348345 0.00966772938728483 0.006151654602584855 0.006431405134879014 0.003377347248618508 0.007348603394037395
302 2718 0.0031234735013043057 0 0 0.00032049855247859305 0.0004253669641604299 0.009144775548926986 0.005905037501915335 0.006215933477825026 0.0032161172919477296 0.00693223979918413
303 2727 0.0031463179499797564 0 0 0.000311475148482234 0.0004235850255719406 0.00910652661839213 0.005959647818945361 0.006269022406341102 0.0030362131389696915 0.006698900495919104
304 2736 0.0028036674143033864 0 0 0.00026795737189145284 0.00035608213287167056 0.007655825590978554 0.004911526278710091 0.00517291893711161 0.002669538417073402 0.005792044240818732
305 2745 0.002545455477059367 0 0 0.00023455001029933493 0.0003120726102664916 0.006709646753539198 0.0043111571699732095 0.00452490423259722 0.0022884801625725395 0.005044389978486039
306 2754 0.002331909385641513 0 0 0.00020911022934239483 0.0002824708899551992 0.006073279070141126 0.003866486094214485 0.004035532634774316 0.0020857820282378006 0.0045014538428975875
307 2763 0.0021990857096205155 0 0 0.0001853479161471358 0.000247129722043566 0.0053129565871377965 0.003541538720564494 0.0037605796782259676 0.0018992886021088407 0.003997042193677259
308 2772 0.0020574634406981054 0 0 0.00016803017708225422 0.0002228646145484336 0.004791073973711323 0.003121117435319493 0.0032757104624522395 0.0017335407821743563 0.003620070449775762
309 2781 0.0017752705307919074 0 0 0.0001453004543165821 0.00018453646281062206 0.00396685630879625 0.0025497464293307384 0.002681268620890604 0.001480856574420176 0.0031252942766620963
310 2790 0.0016740651443051147 0 0 0.00012954456524230152 0.00016944776708623232 0.003642418109041057 0.00232439969756685 0.0024248585875094983 0.0013300556613995325 0.002783759012063375
311 2799 0.001647461089476638 0 0 0.00012951819683908034 0.0001695069761142153 0.003643910892924636 0.0022932081559296578 0.0023663657962746955 0.0013022080701066072 0.002776326238919503
312 2808 0.001590538828424875 0 0 0.0001235509580200555 0.00015917672370578808 0.0034219633292762344 0.0021198381933979584 0.00217394279101693 0.0012388858074287939 0.002643674158733794
313 2817 0.0014026844466007824 0 0 0.00010601497160749326 0.00013476241209262011 0.0028969720857495366 0.0018167107489682705 0.0018773499883500315 0.0010749495473443061 0.002269728274269552
314 2826 0.0011527954807427389 0 0 7.937769721244598e-05 0.00010888255465290972 0.002340449590066936 0.0014930599914353988 0.0015371008722006516 0.0008038620320204269 0.001687671617852
315 2835 0.0010493003382867046 0 0 7.020474802786766e-05 9.524460138109779e-05 0.0020473191313161994 0.0012813449785025585 0.0013122077595405233 0.0007225532158386943 0.0014935615732937495
316 2844 0.0008827908723420811 0 0 5.5428692957476447e-05 8.022238342143296e-05 0.0017243564993734241 0.0010729984251782742 0.0010851378055368034 0.0005769182411051575 0.001175077153711504
317 2853 0.0008164019301119586 0 0 4.96056217020401e-05 7.30727978670165e-05 0.0015706952635221563 0.0009567764170441385 0.0009627169602486878 0.0005269926536336237 0.0010536330603468304
318 2862 0.0007018208021260839 0 0 4.047760342472924e-05 5.840046139311898e-05 0.0012553145779569041 0.0007824980721659091 0.0007964504359569051 0.00042972290875407807 0.0008539456799644164
319 2871 0.0006573764303616861 0 0 3.714910813331842e-05 5.457830658450291e-05 0.0011731910444155945 0.0007151996550859859 0.0007188256059453486 0.0004067819252386107 0.0007864706449967387
320 2880 0.0006491003877723095 0 0 3.5628308221754636e-05 5.2735518060001665e-05 0.0011336385847090411 0.0007081590275416802 0.0007180015014381134 0.00039390026270298364 0.0007464859055659416
321 2889 0.0006486546267606206 0 0 3.6015375208162764e-05 5.133066304793227e-05 0.0011034339447886976 0.0006925581565060878 0.0007054212276570576 0.0003909663422986905 0.0007515118365259206
322 2898 0.0006281561164875995 0 0 3.495023920446752e-05 4.873002180711143e-05 0.0010475513521883664 0.0006306072218207257 0.0006307797273239502 0.00037778327231203807 0.0007284761291094417
323 2907 0.0005596279445621611 0 0 2.9681056380624222e-05 4.247812369954466e-05 0.0009132229481382113 0.0005474199648231546 0.0005466617678064731 0.0003247279961977891 0.0006182834784960665
324 2916 0.0005110577698371069 0 0 2.6530157001732234e-05 3.722494712184826e-05 0.000800333948499939 0.0004912461689459925 0.0004915597249524402 0.0002724247743206815 0.0005436661164605538
325 2925 0.000505768661541733 0 0 2.675701866127062e-05 3.641324147096733e-05 0.0007829217163232602 0.0004759196508575455 0.00047297692497507825 0.0002732563956568597 0.0005428063269036479
326 2934 0.0004559658948196458 0 0 2.4213012091811934e-05 3.198287180710511e-05 0.0006876950745018608 0.00040650195222462134 0.0004010505281199686 0.0002442124409189728 0.0004898712415932978
327 2943 0.00047049566611717376 0 0 2.448001460739312e-05 3.072734166345365e-05 0.0006607307224772703 0.0003810548241505161 0.00038056145392381647 0.0002474438532371944 0.0004936744866163793
328 2952 0.00043748685452410605 0 0 2.174296977778618e-05 2.8163944903721156e-05 0.000605556961830082 0.00036061061890377814 0.0003610952445364705 0.00021596811572844872 0.00043272522471316476
329 2961 0.0003814070248752625 0 0 1.849651824197801e-05 2.3819612099980043e-05 0.0005121793910462558 0.00029970390797612816 0.0002989563383635211 0.00018601970330056768 0.0003655574517831521
330 2970 0.00034298821310556316 0 0 1.643437455457062e-05 2.1226165578049565e-05 0.0004564369239664486 0.0002673651341018487 0.00026599764504449625 0.00016049329034813117 0.0003219374530640069
331 2979 0.0003045295489390264 0 0 1.4570318640494649e-05 1.7736209538174864e-05 0.0003813888299815301 0.00022707851925883246 0.00022935808889437023 0.0001423030632865975 0.00028573733160857094
332 2988 0.00028019747075163265 0 0 1.3381737397606873e-05 1.589086229330409e-05 0.0003417171306008201 0.0002036481422069046 0.0002052918485378477 0.00012447241297333842 0.00026068657968234346
333 2997 0.00031102642265631587 0 0 1.4463179369588439e-05 1.6986961649289025e-05 0.0003652649649588899 0.00022254549180308924 0.00022621770627216339 0.00014092703138586277 0.00027875722661080583
334 3006 0.0002989592991684193 0 0 1.383043380050829e-05 1.618113142526667e-05 0.00034790149153080387 0.0002097470130790771 0.00021262019520801954 0.00013520274342803572 0.00026556828800830995
335 3015 0.00027633715650140437 0 0 1.2776004860582956e-05 1.4621788945277775e-05 0.00031438264919371814 0.00019667893932997677 0.0002034092558039119 0.00012614631878341576 0.00024357098816383104
336 3024 0.0002560251083904418 0 0 1.134035260677475e-05 1.3057185022199383e-05 0.0002807465516953523 0.0001775912651144042 0.00018479373925206063 0.00011758318786567523 0.00021583402817930671
337 3033 0.00022432643438146497 0 0 9.977395237061823e-06 1.1455805632509505e-05 0.00024631390513684553 0.00015140592602244123 0.00015592601368035028 0.00010139139378151771 0.00018947590947684825
338 3042 0.00020376174623482453 0 0 8.818621025498124e-06 1.0336809870417215e-05 0.00022224909810413212 0.00013586333818505397 0.00013895091297929862 9.036896342386088e-05 0.0001640484915244376
339 3051 0.00020770691260449931 0 0 8.951567008586816e-06 1.0667532691025076e-05 0.0002293434223580982 0.00013436460824208765 0.0001359727044128018 9.0698335372987e-05 0.00016514338688458684
340 3060 0.00019713913643882856 0 0 8.517169818119348e-06 1.0152511404201403e-05 0.00021826646070168766 0.00012698678703716715 0.0001275069147647268 8.667189877716368e-05 0.00015764638173404718
341 3069 0.0001654376532237568 0 0 7.216835659697066e-06 8.442580561041497e-06 0.00018151242738441003 0.00010171283777689177 9.972044908992176e-05 7.170516850282224e-05 0.00013321910327401053
342 3078 0.0001628269186618942 0 0 7.08380929082475e-06 8.081730545717535e-06 0.00017376021695614716 9.761938382794314e-05 9.57647252466004e-05 6.769121400182863e-05 0.00012960658104011917
343 3087 0.00015079972015708817 0 0 6.508592555664871e-06 7.5636904219793225e-06 0.00016262442853858636 9.229026371592559e-05 9.063853280476057e-05 6.239361035521575e-05 0.00011864451698646144
344 3096 0.00012640058274481346 0 0 5.275469730369351e-06 6.071032786039918e-06 0.00013052595630647543 7.642700395429622e-05 7.639290372158895e-05 5.055331949897737e-05 9.484504683193548e-05
345 3105 0.00012148155916627692 0 0 4.893140940877035e-06 5.447480079532646e-06 0.00011712607058370716 7.347759501569325e-05 7.571862703370585e-05 4.7650086983111895e-05 8.63206704033234e-05
346 3114 0.00010398419645584293 0 0 4.138205493952482e-06 4.614334309941655e-06 9.921662044609444e-05 6.059806872019111e-05 6.217874960707194e-05 3.9797130728442054e-05 7.379022114669764e-05
347 3123 8.591078596849658e-05 0 0 3.3155704113175285e-06 3.7100951280327594e-06 7.977606690781028e-05 4.834222913737771e-05 4.964132763494647e-05 3.158673842380651e-05 5.8348173994036855e-05
348 3132 8.088185455448889e-05 0 0 3.2071599907949056e-06 3.567308451924712e-06 7.66941126787415e-05 4.5809367002189e-05 4.669134041607313e-05 2.9701032526439586e-05 5.7147116403838994e-05
349 3141 7.45980537285943e-05 0 0 3.02267876097396e-06 3.1871727499198514e-06 6.852275942513819e-05 4.251075819111324e-05 4.438345738734369e-05 2.963299779474822e-05 5.258268037112571e-05
350 3150 6.486694267003963e-05 0 0 2.625231547722322e-06 2.73915643305858e-06 5.8883114026828966e-05 3.657631311509746e-05 3.8171730997065875e-05 2.5906494117274578e-05 4.576412946808055e-05
351 3159 6.000794204476399e-05 0 0 2.3221405531092548e-06 2.440056636178234e-06 5.244868882005513e-05 3.2958609183696975e-05 3.466905507570309e-05 2.435886835708162e-05 3.904293951306727e-05
352 3168 5.5077823382282326e-05 0 0 2.118297536214159e-06 2.184480696814205e-06 4.695471692639385e-05 3.019883360997513e-05 3.191177912025234e-05 2.2496719604704695e-05 3.541659304280267e-05
353 3177 5.190117592019484e-05 0 0 1.9437763404458477e-06 1.988120064471733e-06 4.273769988135364e-05 2.7269052099210653e-05 2.888956515049838e-05 2.1280496077903246e-05 3.1881083696441144e-05
354 3186 4.6003208371582304e-05 0 0 1.720933091135933e-06 1.7290000488112567e-06 3.716874127567769e-05 2.4088180459714108e-05 2.571785390519725e-05 1.873431354413784e-05 2.81807394858625e-05
355 3195 4.345642058265155e-05 0 0 1.612253798499987e-06 1.6294552309806056e-06 3.502817654972193e-05 2.2140360585478385e-05 2.3154104702582856e-05 1.580586554831294e-05 2.6975705675525686e-05
356 3204 3.978393046323603e-05 0 0 1.500057397750855e-06 1.4786880801824643e-06 3.1789119416123986e-05 2.0134701301269455e-05 2.099247345879783e-05 1.4167295435494597e-05 2.4937651396339756e-05
357 3213 3.308336023674041e-05 0 0 1.242289163297999e-06 1.2519040988522965e-06 2.6913057805685817e-05 1.674818015651395e-05 1.726011499053776e-05 1.165618923921514e-05 2.044600673870462e-05
358 3222 2.9570202781377125e-05 0 0 1.1019369708089582e-06 1.1056882451768114e-06 2.377061852915961e-05 1.457313257201925e-05 1.5043657620015226e-05 1.0624879179867272e-05 1.8148222499904138e-05
359 3231 2.7078896935137257e-05 0 0 9.734144993741078e-07 9.77486732198571e-07 2.1016694298594162e-05 1.2760525510994224e-05 1.3326370954094484e-05 9.786149829656238e-06 1.577496423642805e-05
360 3240 2.320304437439901e-05 0 0 8.20192549973742e-07 8.203433202854632e-07 1.7637334389866238e-05 1.0622466368236306e-05 1.1005747608163397e-05 7.98638724396212e-06 1.3344623807017485e-05
361 3249 2.1045432375478627e-05 0 0 7.343938810895214e-07 7.343255859848057e-07 1.5786338594615745e-05 9.477659571688076e-06 9.864750581568147e-06 7.041503767215369e-06 1.1906696309410949e-05
362 3258 1.8428177682832718e-05 0 0 6.42783382105643e-07 6.492052534913693e-07 1.3956391189299019e-05 8.397724776558261e-06 8.723516166788127e-06 6.092328043072188e-06 1.0429355040788782e-05
363 3267 1.58667466460581e-05 0 0 5.581910943072733e-07 5.663278350501673e-07 1.217476852040418e-05 7.212313720263088e-06 7.406677729354743e-06 5.128297084423206e-06 9.086426603644867e-06
364 3276 1.3922228671282257e-05 0 0 4.620000625193658e-07 4.760888206866259e-07 1.0235644932242128e-05 6.122762237334108e-06 6.377294407612214e-06 4.464364899851928e-06 7.373468946257449e-06
365 3285 1.3231804402229836e-05 0 0 4.3166143809435827e-07 4.64603144827974e-07 9.988808708914335e-06 5.773359629621985e-06 6.033441710379038e-06 4.176638974570857e-06 6.805312347261717e-06
366 3294 1.3211961025499583e-05 0 0 4.355001240429715e-07 4.5373062002852526e-07 9.754802750935646e-06 5.6539715729206395e-06 5.9687238857424e-06 4.365429960462852e-06 6.771775000217512e-06
367 3303 1.2630574360897333e-05 0 0 3.8560635744298096e-07 3.9820700514343355e-07 8.560525445760242e-06 4.988469975545629e-06 5.417003284349888e-06 4.152551025553243e-06 5.964021934652317e-06
368 3312 1.1452412721377629e-05 0 0 3.319594095120447e-07 3.484749427789392e-07 7.492151710136443e-06 4.3239406061364735e-06 4.707919972327411e-06 3.727807851786001e-06 5.121906942776999e-06
369 3321 1.045173248395301e-05 0 0 3.000460173472319e-07 3.0156718401113115e-07 6.483221405933176e-06 3.911219150023495e-06 4.2822491548043625e-06 3.3920109153878913e-06 4.613591066305048e-06
370 3330 8.931247934417991e-06 0 0 2.4432459609057043e-07 2.559626540152001e-07 5.502547366632339e-06 3.3042578322047484e-06 3.631147542632863e-06 2.8412475632487662e-06 3.767233336664068e-06
371 3339 8.730298042694245e-06 0 0 2.510607964236647e-07 2.611367420031248e-07 5.6143029967381986e-06 3.3152285800948795e-06 3.586118492188451e-06 2.799145084914386e-06 3.842196867969143e-06
372 3348 7.792583945365828e-06 0 0 2.1978160197399039e-07 2.34627070883995e-07 5.04435689907931e-06 2.963265237418982e-06 3.1952254165572683e-06 2.50163748898739e-06 3.3534895806754923e-06
373 3357 7.432210047800053e-06 0 0 2.067065212944778e-07 2.219203676757064e-07 4.771146392279487e-06 2.7363621900842248e-06 2.937727275220624e-06 2.3792748446342274e-06 3.1399726823205162e-06
374 3366 6.421773357241351e-06 0 0 1.7621543901824173e-07 1.9097077426058058e-07 4.1056630443842985e-06 2.317687136914569e-06 2.4697316771495664e-06 2.081500062537934e-06 2.6705160427607483e-06
375 3375 5.943260857086022e-06 0 0 1.6447937166689873e-07 1.7538071201331156e-07 3.7704366000300986e-06 2.1476607784614877e-06 2.2863528750984973e-06 1.8990010760496512e-06 2.503904079378093e-06
376 3384 5.417925425612779e-06 0 0 1.543493225186629e-07 1.6445421682906136e-07 3.5356502999662297e-06 2.0089781226043353e-06 2.1098539323993626e-06 1.7539217594580412e-06 2.335381288850715e-06
377 3393 5.072809390715071e-06 0 0 1.454064475187434e-07 1.5560671057162495e-07 3.3455022522337605e-06 1.8794480590225117e-06 1.9610639661666877e-06 1.680875443780352e-06 2.17007377376313e-06
378 3402 4.9022715159342136e-06 0 0 1.4535032094208112e-07 1.4945772759899944e-07 3.213374194258059e-06 1.8382831650567485e-06 1.934144149763124e-06 1.6797034328259784e-06 2.134170950662496e-06
379 3411 4.9367535740984306e-06 0 0 1.4631599651264624e-07 1.452521412655286e-07 3.12293038658014e-06 1.8036743390620112e-06 1.914227880672303e-06 1.6715997618387309e-06 2.1613498805163844e-06
380 3420 4.724502797900737e-06 0 0 1.434711165338448e-07 1.4072033616391915e-07 3.0254470344783636e-06 1.7776035608702e-06 1.8910523961927238e-06 1.6898484638634322e-06 2.0861760940633754e-06
381 3429 4.3360538204886834e-06 0 0 1.3034791339563204e-07 1.294384524508782e-07 2.782980369677066e-06 1.605957562277113e-06 1.7025115995093826e-06 1.540416068506467e-06 1.8969977294328308e-06
382 3438 4.55966451934251e-06 0 0 1.4264294572980835e-07 1.361628523605464e-07 2.9274607949776228e-06 1.733675641329262e-06 1.918721687104424e-06 1.6584735585810482e-06 2.0617186144062883e-06
383 3447 4.772744658454727e-06 0 0 1.5027610414168018e-07 1.3899340922313233e-07 2.988158749281075e-06 1.7711238250560575e-06 2.0296688491981322e-06 1.7285912902654195e-06 2.187950023878146e-06
384 3456 4.737313904551761e-06 0 0 1.4706374750700272e-07 1.3604152810875787e-07 2.9246362845540805e-06 1.6789650022439479e-06 1.9694385107500717e-06 1.713970681353777e-06 2.130383444630185e-06
385 3465 4.961578006876479e-06 0 0 1.5470329249302416e-07 1.4595171579748812e-07 3.137790652923562e-06 1.7398836820116354e-06 2.0654368432170696e-06 1.781731326399864e-06 2.250379063206817e-06
386 3474 4.8793897390393535e-06 0 0 1.4650002384598294e-07 1.4724295700212194e-07 3.1656006920974196e-06 1.6940746289168974e-06 2.036746445425462e-06 1.6027415930995921e-06 2.151135542344815e-06
387 3483 4.383016697960364e-06 0 0 1.2462642897392154e-07 1.2441835716298478e-07 2.675017571738965e-06 1.427147120536502e-06 1.7804198797604066e-06 1.3611507484525335e-06 1.8452862921032243e-06
388 3492 4.112407008040265e-06 0 0 1.17676803591009e-07 1.1578755647030824e-07 2.489450051774121e-06 1.3469539211687976e-06 1.6957245627301503e-06 1.2619937948041232e-06 1.7210884521221103e-06
389 3501 3.7667764355904873e-06 0 0 1.1022206004722649e-07 1.0559528179593498e-07 2.270278158132284e-06 1.26002541917439e-06 1.599485595567904e-06 1.1508864326008083e-06 1.6140873048965349e-06
390 3510 3.2128308662398093e-06 0 0 9.148226081602605e-08 8.793823414378775e-08 1.890731034108307e-06 1.029970751212086e-06 1.3245931369203863e-06 9.558451169822378e-07 1.3425698337407329e-06
391 3519 3.298186272221447e-06 0 0 9.901356813920764e-08 9.136467732328356e-08 1.964375819429533e-06 1.1086753641053962e-06 1.4007367474166942e-06 1.040304313212034e-06 1.4359348383199758e-06
392 3528 3.0008424602287984e-06 0 0 8.863953800875489e-08 8.245829478637205e-08 1.7728749234744557e-06 9.843659995591915e-07 1.2604360541132252e-06 9.654988176739748e-07 1.27442520596304e-06
393 3537 2.6235449868957842e-06 0 0 7.723841579236184e-08 7.152483370845074e-08 1.5377913081891485e-06 8.513702806793454e-07 1.0832380892614503e-06 8.165847396124035e-07 1.1148977709642562e-06
394 3546 2.3184133511602594e-06 0 0 6.755389904257292e-08 6.267248076399791e-08 1.347458099267639e-06 7.393841712783167e-07 9.496566913421147e-07 6.971687087833442e-07 9.767287745188853e-07
395 3555 2.197235608153881e-06 0 0 6.216026853402035e-08 5.8926241603907745e-08 1.2669106711360684e-06 6.682943407532888e-07 8.540941071721245e-07 6.448832005078461e-07 8.995175502630604e-07
396 3564 2.1637385760851415e-06 0 0 6.29783859887252e-08 5.8017410097632446e-08 1.2473999363933027e-06 6.65495848633928e-07 8.585528003055379e-07 6.782585596846455e-07 9.00588861662704e-07
397 3573 2.165084949114077e-06 0 0 6.431821129080543e-08 5.717975750564049e-08 1.2294026606749255e-06 6.661553278724047e-07 8.585216874208322e-07 6.851215529249303e-07 9.187948894690356e-07
398 3582 1.920246196246775e-06 0 0 5.654575481680713e-08 5.018965679130324e-08 1.0790969670142516e-06 5.84345913876146e-07 7.525349861271908e-07 5.820245563805779e-07 8.171680552549495e-07
399 3591 1.8269395255185933e-06 0 0 5.4196371159164505e-08 4.890921234951823e-08 1.051585128935172e-06 5.527493496391146e-07 7.204604006974152e-07 5.408440801562985e-07 7.878803059713709e-07
400 3600 1.5930146181794165e-06 0 0 4.744115109935299e-08 4.259752341794058e-08 9.158873209472553e-07 4.832159873583366e-07 6.323178196581025e-07 4.6641060695685477e-07 6.89484537098543e-07
401 3609 1.5835483103514904e-06 0 0 4.9710077162206936e-08 4.202920132638353e-08 9.036636513787361e-07 4.998428823313086e-07 6.686582251468882e-07 4.768146646107989e-07 7.201306024998196e-07
402 3618 1.6346288094863172e-06 0 0 5.1815304757260784e-08 4.4849014216320315e-08 9.643182592905798e-07 5.27686175318352e-07 7.013776077944282e-07 5.047037940561433e-07 7.4665006200072e-07
403 3627 1.488721864161165e-06 0 0 4.613464137197017e-08 4.028980785830652e-08 8.662953993024899e-07 4.7205169524251146e-07 6.275051251416725e-07 4.495315268454041e-07 6.650440975536359e-07
404 3636 1.3441463614665022e-06 0 0 4.1489697210308264e-08 3.55157108931517e-08 7.636446898507892e-07 4.154697242664828e-07 5.575812102831809e-07 3.999978792873815e-07 5.979316183349976e-07
405 3645 1.1922709901785749e-06 0 0 3.77661813455806e-08 3.0302133464535296e-08 6.515274409302282e-07 3.693375908136821e-07 5.101162574672796e-07 3.676938128999693e-07 5.417873586668994e-07
406 3654 1.0695003248562573e-06 0 0 3.3379405452365354e-08 2.640335320462581e-08 5.67696506917708e-07 3.3171015357401763e-07 4.5488861632804223e-07 3.282133045578005e-07 4.776281116922609e-07
