% # columns="iteration, evaluation, void, void, void, xmean", seed=432842, Fri Aug 14 16:22:29 2020, <python>{}</python> # scaling_of_variables: 1, typical_x: 0
1 9 0 0 0 0.14406749387929452 0.12258390992515157 -3.5032348749374425 -1.1123405502259411 -2.6377650373529895 -1.1273498347815614 -2.643507597439693
2 18 0 0 0 0.07235735698512674 0.08925045035188044 -3.4846482657792746 -1.1471494399011137 -2.6553179602749997 -1.1179919304769288 -2.6315873083985064
3 27 0 0 0 0.06772448248472952 0.11803434829103879 -3.425105852384204 -1.0730046912876543 -2.6886339233215395 -1.0889583092281723 -2.65618333746242
4 36 0 0 0 0.07679146487740367 0.12854357251242426 -3.504809944094063 -1.1406839329214156 -2.6438415182804587 -1.0637128463727448 -2.6722539609367804
5 45 0 0 0 0.045981333522522864 0.14511516268559382 -3.5236374333806784 -1.1571725876251362 -2.6254313025509304 -1.0682235423499076 -2.678248857579896
6 54 0 0 0 0.06670650485044535 0.13304095376055083 -3.565910719046294 -1.1878459624888031 -2.6056310717881765 -1.1817969210387174 -2.6585707978573474
7 63 0 0 0 0.02705206686208477 0.13354107530108067 -3.5732233639033852 -1.1939765004393992 -2.6218529728449593 -1.213153485042059 -2.6326236724313876
8 72 0 0 0 0.030790174548289737 0.11907159984159478 -3.5787875924418655 -1.1904014496382123 -2.5714212719016922 -1.202964613968348 -2.619534527040043
9 81 0 0 0 0.06302811079551573 0.13825313720320268 -3.586110732215566 -1.2667326206668639 -2.543958441160824 -1.2120606612497251 -2.5680629449906185
10 90 0 0 0 0.0605819337968952 0.13439600699892063 -3.5535113872326534 -1.2497744801961006 -2.5266563100371515 -1.1568126978976172 -2.5574306057870255
11 99 0 0 0 0.08939833615072464 0.13252800985470573 -3.580121589941311 -1.2425474863965837 -2.50007883127266 -1.1969979595795217 -2.50688068299944
12 108 0 0 0 0.11460716586024275 0.13866598650032563 -3.538898767030733 -1.1996954432795601 -2.5887741389084837 -1.1599874550671871 -2.5516458514588627
13 117 0 0 0 0.13039978790554224 0.13811666530503852 -3.466785737077736 -1.1746761499231333 -2.6735493951428952 -1.0645859636450348 -2.6412539863923334
14 126 0 0 0 0.13899026637717316 0.13449625221295064 -3.4989620709995 -1.2895770255733696 -2.682491571993012 -1.0254773869701688 -2.6349295686379532
15 135 0 0 0 0.10875731240433582 0.13136064898287975 -3.527290535871936 -1.3007707956770884 -2.70100969848872 -1.0576918468139638 -2.622405168056353
16 144 0 0 0 0.10404594635272346 0.13108096323000915 -3.453936343766799 -1.1864111065697356 -2.8000322402610385 -0.8541807607323719 -2.673979809282181
17 153 0 0 0 0.13271821818687657 0.13532609525940228 -3.337983715434761 -1.1616351984549707 -2.7940989747707605 -0.9478432037626205 -2.651146996575507
18 162 0 0 0 0.1185278807529131 0.13396195534444155 -3.27820773914903 -1.1107988870704222 -2.9071648047494243 -0.8326196004243296 -2.6441010593862977
19 171 0 0 0 0.10638042950259981 0.13614915134732256 -3.3576284007550963 -1.0824322127701331 -2.93368427066639 -0.824520551049959 -2.505843454345904
20 180 0 0 0 0.10362909421969327 0.1394971241974115 -3.434891280546137 -1.092905654583639 -2.862133313903571 -0.9233190333553953 -2.4222608746677574
21 189 0 0 0 0.09248823359383757 0.1356875777069947 -3.435137374670346 -1.031119015924752 -2.92656348497617 -0.9088021376389259 -2.4267862606662467
22 198 0 0 0 0.08865828193422173 0.1327905773106623 -3.374035972455798 -0.9387965885096405 -2.9800958050021706 -1.0545849671920484 -2.4079959015363075
23 207 0 0 0 0.08065342486781525 0.14182018814364986 -3.4767712907916586 -0.9473630903505719 -3.0125213740644035 -0.9791065973295503 -2.450214493240121
24 216 0 0 0 0.06782476453438317 0.13910154052766163 -3.449021738865333 -0.9312943665334846 -2.965468143101318 -1.040927933068867 -2.4051362697713796
25 225 0 0 0 0.07536224660850765 0.1380887252884908 -3.491521513231187 -1.176895510678713 -2.788231631439347 -0.9865247752360581 -2.426628616717747
26 234 0 0 0 0.060489959445610426 0.1372305252991506 -3.6199162345277265 -1.303236899434587 -2.6111760875779138 -1.0497739647570588 -2.37916520407862
27 243 0 0 0 0.043295684654384735 0.14071976387805218 -3.7471099605628093 -1.4480178415470844 -2.49436690702698 -1.056570383301616 -2.315652983598876
28 252 0 0 0 0.07560523645916066 0.1315106578800785 -3.7815404359582145 -1.4525375675375944 -2.5916817056133077 -1.1157534716161488 -2.4116792321613967
29 261 0 0 0 0.07343896570767625 0.14169637634617252 -3.6538841216540408 -1.255546867900571 -2.70904148350242 -0.9924656553289326 -2.3611501160020407
30 270 0 0 0 0.06637066278883615 0.1393657226774631 -3.6840637842012476 -1.245732749633975 -2.6729156772775653 -0.9886503966838606 -2.4105628515048405
31 279 0 0 0 0.0567439907129111 0.1394855512667354 -3.7322977243880757 -1.1961414504609693 -2.5968196373778465 -1.0622269019470594 -2.2844845625613845
32 288 0 0 0 0.10205571926186681 0.1373645640891181 -3.744862662245818 -1.2006475235872367 -2.630206782476611 -1.0641393405068538 -2.329256964095284
33 297 0 0 0 0.11241053664266407 0.13743238842397174 -3.782588524352629 -1.2394343763899294 -2.6521700634930263 -1.0033558753691134 -2.3209639627229146
34 306 0 0 0 0.12243523587362631 0.14155973948380612 -3.8533608610284347 -1.2052817542119536 -2.5892695614396923 -1.1248214205912739 -2.3376717678733265
35 315 0 0 0 0.10266603814111651 0.138555362895276 -3.813522738853869 -1.3242972615373847 -2.6752288584062356 -1.0110265949394295 -2.4171503094159053
36 324 0 0 0 0.12204094322613684 0.13582130752317484 -3.803947301937052 -1.3994773497677582 -2.592673607984108 -1.091742726283298 -2.4091699246612
37 333 0 0 0 0.1231859818443073 0.1271698989564474 -3.8154862370980958 -1.413988684287212 -2.5291386965321583 -1.1439997091989629 -2.4008746123157545
38 342 0 0 0 0.11798457859137165 0.1329810261580133 -3.80804621590223 -1.3849115512025487 -2.451122078395387 -1.2958130538293484 -2.4021409468007273
39 351 0 0 0 0.1215484116633826 0.13502071257271797 -3.7403990339529654 -1.1431641441487304 -2.5510750712751498 -1.3239348292309323 -2.2598847008943403
40 360 0 0 0 0.1376112599328409 0.13716039324125442 -3.76247736167416 -1.1430254941830182 -2.5811376658650387 -1.3560655281447067 -2.3412365898019023
41 369 0 0 0 0.12502912079059436 0.13765257879044762 -3.7755643078570995 -0.9744965541011474 -2.682097274340875 -1.3922041526626125 -2.155199390578636
42 378 0 0 0 0.11817719350433317 0.1282660632657619 -3.722478041855018 -0.9027233949537585 -2.7335183454211376 -1.3430611522427813 -2.2701788683498236
43 387 0 0 0 0.12571048353779213 0.12835685298921715 -3.7247481451386246 -0.9382138433644859 -2.621590277382849 -1.4791035944418944 -2.2278241873172924
44 396 0 0 0 0.12800030332639045 0.12965053901881107 -3.7268615011281416 -0.9906625300341538 -2.598284474310162 -1.3955667236401637 -2.350284118313034
45 405 0 0 0 0.13089307825170202 0.1279878963783626 -3.674234757970931 -0.9325739974057514 -2.514786376755165 -1.4466146024166255 -2.362129956991339
46 414 0 0 0 0.12600020179947222 0.13424832577911477 -3.7528116088496413 -1.0622142194792086 -2.4540670722384372 -1.4194089019567562 -2.338078832179308
47 423 0 0 0 0.1322333556987275 0.13590306433155386 -3.7397093100193386 -1.116774175962584 -2.4746763860916445 -1.3561916912399183 -2.4624619926119506
48 432 0 0 0 0.12260271828403413 0.13559258675977048 -3.7565428344698866 -0.9687093073950932 -2.545510624601522 -1.3590042250081225 -2.3973364673852835
49 441 0 0 0 0.12962218988292812 0.14359239116060682 -3.7603798359995233 -1.1252696013185588 -2.5063977313311767 -1.3345631338945043 -2.4196271719906366
50 450 0 0 0 0.13102335880789737 0.13923992741144403 -3.702510981589635 -1.1515771050895118 -2.6504476908893673 -1.1739213892733447 -2.469214405384418
51 459 0 0 0 0.1277928269421047 0.1339848075906437 -3.690064294264613 -1.1708433549599628 -2.62803359138265 -1.1071667994274987 -2.4238289322097026
52 468 0 0 0 0.13098598681427537 0.13679258665493157 -3.6678694866496655 -1.0283349936700672 -2.667032307076167 -1.09743385470972 -2.4049227441538563
53 477 0 0 0 0.12426475801327061 0.13649425375038207 -3.6969058834093507 -1.0860556098881813 -2.6472053642169957 -1.1382861390767574 -2.4137657832458252
54 486 0 0 0 0.13029962368537354 0.13451545757278532 -3.6922086604473816 -1.0646424841231374 -2.5911336566810244 -1.2067145468629976 -2.4115603622602753
55 495 0 0 0 0.12701191579940058 0.13404927269602568 -3.6493633373677112 -1.0380611854016313 -2.618250737847973 -1.130182627222217 -2.3823412870139746
56 504 0 0 0 0.12571620870553743 0.1328028638473818 -3.6431110915534988 -1.0612380320924515 -2.619070174303053 -1.1147299155523673 -2.3984101588562154
57 513 0 0 0 0.12589452972400172 0.13497039575060132 -3.6782195940815656 -1.1528238900528982 -2.5948151343824515 -1.1019007580118596 -2.469006232595046
58 522 0 0 0 0.12805272423867914 0.13313734689171777 -3.642614521437559 -1.1749548620166945 -2.5975831589358616 -1.0330078666014577 -2.4657446440679185
59 531 0 0 0 0.1287520229430431 0.1325455866787115 -3.6348888123230756 -1.1466027488428017 -2.6373282602891814 -1.039750158060434 -2.4859835290352117
60 540 0 0 0 0.12819679191238773 0.13312697698840126 -3.656528579773396 -1.1062838580359888 -2.6327483510385825 -1.0793387127991532 -2.4789964655945482
61 549 0 0 0 0.12853469179118424 0.1313118697745478 -3.642740095739627 -1.1230134051580642 -2.611510627426032 -1.0909123855916878 -2.495186436565169
62 558 0 0 0 0.1299504149504851 0.13200473999595155 -3.647733762074355 -1.1220682014786345 -2.5990902008133507 -1.108681544174256 -2.4866662711587537
63 567 0 0 0 0.1318890546328742 0.13127667700384482 -3.6531724396365854 -1.1056510420172532 -2.629886376413867 -1.1424124481405147 -2.4968747263015376
64 576 0 0 0 0.13076977255517916 0.13070762675107617 -3.6393878850478316 -1.115774360351988 -2.633372733235691 -1.1282940448841918 -2.520818616654328
65 585 0 0 0 0.13171465276554759 0.13085352841067208 -3.656694128201927 -1.1656985121162229 -2.5957304662021 -1.1260834659667986 -2.5224831480197256
66 594 0 0 0 0.1296337594884955 0.1325851141311907 -3.661364097532893 -1.175548883409428 -2.5902059098977075 -1.107132123119287 -2.4985110945169433
67 603 0 0 0 0.12864793102804686 0.13402597636104915 -3.67025461314317 -1.17554098595905 -2.581448406718472 -1.1102939152891464 -2.470454216656573
68 612 0 0 0 0.12794314918350402 0.13427120447482635 -3.682191504959068 -1.168881058583184 -2.5658078452832225 -1.108018327253101 -2.4477461352367964
69 621 0 0 0 0.13017063019927352 0.1341940000399547 -3.6967315693101095 -1.1589428548810439 -2.5539491403625343 -1.1680247444185146 -2.4677791016226704
70 630 0 0 0 0.13158267084331368 0.13396841747674978 -3.6876682455961234 -1.2010581162655334 -2.526908531941281 -1.1840103115830483 -2.5029458012217636
71 639 0 0 0 0.13259335249999965 0.1347358339926776 -3.6986784163397615 -1.2095850415491414 -2.546367434221117 -1.180975213165852 -2.5187585893727684
72 648 0 0 0 0.13301241925630972 0.13395342387506498 -3.691937991150915 -1.1780277166689643 -2.5859855322145644 -1.18572095860557 -2.5031375827549063
73 657 0 0 0 0.13149014883110421 0.13441839979774764 -3.687205350179164 -1.1767898474833787 -2.5813367966455654 -1.1582944583727128 -2.4968377267544737
74 666 0 0 0 0.1328319158196818 0.13374166154906592 -3.691187176915774 -1.1942316742645878 -2.5787440623111983 -1.1589965368469735 -2.518056059747947
75 675 0 0 0 0.13226077108675088 0.1330923954690793 -3.6779843315461944 -1.1686359114190592 -2.6075281280094504 -1.1549586016685611 -2.511083240818129
76 684 0 0 0 0.1316976562727494 0.13336042110968985 -3.6645846879862 -1.1659218833488825 -2.6193732873120785 -1.1394050556592055 -2.512704861714568
77 693 0 0 0 0.1315424679310853 0.13263984475639212 -3.6499515134185394 -1.1358164007709879 -2.627355624883339 -1.1488696873787496 -2.5098954545322925
78 702 0 0 0 0.13190280065962937 0.13262502225075817 -3.6366652972675593 -1.1453589363460681 -2.6244917372311902 -1.1285380144510309 -2.523628916357326
79 711 0 0 0 0.1317640275528222 0.13297611840106266 -3.6479825260812277 -1.1494931597874258 -2.61970225094334 -1.1303537441723353 -2.517944114215775
80 720 0 0 0 0.13175678158541074 0.13251797758648498 -3.6368093107830712 -1.1408268791208718 -2.6390253807981945 -1.1210461197513373 -2.5268571823365336
81 729 0 0 0 0.13238729524320017 0.13252408839429253 -3.639654357526307 -1.1534882291140858 -2.6341516302392036 -1.1287137401170007 -2.538427883456615
82 738 0 0 0 0.13316720718764552 0.132360363889305 -3.6435579364643957 -1.159229923050099 -2.63363823302586 -1.1399003443996107 -2.5471624340450254
83 747 0 0 0 0.13342949273109642 0.13194535269176755 -3.628264818393688 -1.1565780199836355 -2.6381596121916204 -1.1395265673252613 -2.556364563037767
84 756 0 0 0 0.13423026097706595 0.1315246300227847 -3.6268892290325687 -1.1580778391490476 -2.6305451213792077 -1.1453208636992436 -2.5652340252163413
85 765 0 0 0 0.13438445453787642 0.13197357625414363 -3.6283811182338845 -1.1562279971411735 -2.6245548028955814 -1.1602719059392763 -2.5625707734955636
86 774 0 0 0 0.13347350485505596 0.1322923017548413 -3.6343364692495768 -1.148865481006846 -2.6192057465312795 -1.1618753535556519 -2.5511425575875015
87 783 0 0 0 0.13348241181256282 0.13214030650698652 -3.6311241852061573 -1.150038401635659 -2.6261607673426592 -1.1592484717909108 -2.5524049163899463
88 792 0 0 0 0.13333740881265518 0.1320114534420916 -3.6362407705608524 -1.1507744638889206 -2.6349902098601468 -1.1501436117516697 -2.5486585880449333
89 801 0 0 0 0.13282519543227708 0.13250205509774227 -3.6416877540412123 -1.1508836447946795 -2.63043665025915 -1.1502667364397483 -2.54138585512034
90 810 0 0 0 0.133291129910231 0.1320819930853241 -3.630843600268112 -1.14247751229104 -2.6417196440986803 -1.1512833821774953 -2.549202836407738
91 819 0 0 0 0.13347286514583157 0.1319447552215588 -3.6285394868671452 -1.1475299993019568 -2.6395258608384418 -1.151620220932095 -2.5548419171926184
92 828 0 0 0 0.13360955607643174 0.13214796473941873 -3.630614275918448 -1.154870971152468 -2.638875873207895 -1.1460381417957448 -2.559452692877929
93 837 0 0 0 0.13373516781924433 0.13220593512927514 -3.6313015997888956 -1.1511903440257454 -2.639274966496149 -1.1486993891286197 -2.5611567025839026
94 846 0 0 0 0.1336311411287495 0.1322479954512975 -3.636590920521591 -1.1529776385244523 -2.63486665304411 -1.1501503165307656 -2.560125608999235
95 855 0 0 0 0.13365832356230178 0.13205834220684137 -3.6309532167579475 -1.146117686694144 -2.639364001418711 -1.1476455213873396 -2.5620799964611383
96 864 0 0 0 0.1339541070429629 0.13197148979176862 -3.628996444177083 -1.1518764945701272 -2.6347712073715415 -1.1471428921825637 -2.5679844447642934
97 873 0 0 0 0.13407134831310386 0.13172925984474668 -3.621710615564504 -1.1468256956558533 -2.6328590609416382 -1.1454128572889588 -2.5701810469151103
98 882 0 0 0 0.13433251478715816 0.13148219914794354 -3.6154846229279625 -1.14427717132825 -2.632189766530756 -1.143054627011817 -2.577379394829963
99 891 0 0 0 0.13432018976040183 0.13170692048413568 -3.620082847379849 -1.1496909006611407 -2.626235465746859 -1.1451090992050288 -2.5782541367754925
100 900 0 0 0 0.13461575805967171 0.13171169814015804 -3.6216049642889465 -1.1542603318819262 -2.617911524162992 -1.1509561881084944 -2.5833890154573345
101 909 0 0 0 0.1350118408047143 0.13157106764420803 -3.6189661560429207 -1.150432108665981 -2.6192690224493353 -1.1548935150873074 -2.590689768546048
102 918 0 0 0 0.13535153354093477 0.13141523592953175 -3.612882516973287 -1.1494688665155042 -2.621563232060226 -1.1567603047935573 -2.5952442994113927
103 927 0 0 0 0.13553064477956916 0.13124030257646563 -3.6097706578439284 -1.1495668060028628 -2.6232441182265642 -1.1523432620707292 -2.5998341623119963
104 936 0 0 0 0.13588831948737698 0.13117201937542003 -3.6089595971042905 -1.147444124107557 -2.6187031010441553 -1.1537394197464632 -2.60874544588555
105 945 0 0 0 0.13581210684394832 0.13081527722334485 -3.5981910191192155 -1.142721985892898 -2.619164487720948 -1.1464160093593398 -2.6114022968614243
106 954 0 0 0 0.13577866111837447 0.13072464719921748 -3.5950976226452953 -1.1444902865184416 -2.6238002521396013 -1.1444633734041088 -2.611006491842333
107 963 0 0 0 0.1360084217221392 0.1307217973735411 -3.5946448485949314 -1.1447734718677371 -2.616690199681197 -1.1481630172399917 -2.613541521925413
108 972 0 0 0 0.135856730606298 0.13090469085861484 -3.598924440167843 -1.1435267977851764 -2.612716596899795 -1.1508917080136523 -2.60900292937895
109 981 0 0 0 0.13592997078252306 0.13084582086393534 -3.598335593167237 -1.1404431316411092 -2.6175079926604248 -1.1501358982163619 -2.61094858085973
110 990 0 0 0 0.13580289832388223 0.13079058014349187 -3.59618972143131 -1.142869168015804 -2.613535168670022 -1.148318675203512 -2.6088467945005496
111 999 0 0 0 0.1359489903333091 0.13067806795059278 -3.593050266855375 -1.1389030904435722 -2.615194330886615 -1.148378932062952 -2.6127268739434055
112 1008 0 0 0 0.13595678591537141 0.1307447120803089 -3.5952752501949656 -1.1417525267901174 -2.6169212598493146 -1.1504240165623183 -2.6137012295797213
113 1017 0 0 0 0.13599274497860728 0.13065678006368925 -3.591577276717779 -1.143732639984663 -2.615304114709251 -1.1504087285724502 -2.6145634495922185
114 1026 0 0 0 0.13589815780244852 0.13070490068034266 -3.5937678569348765 -1.1416867759780331 -2.6144199523425256 -1.148489179204593 -2.61259430390683
115 1035 0 0 0 0.13582604225487468 0.1307025516868176 -3.5941753618965895 -1.1403684716518057 -2.6156011150572707 -1.147233691727914 -2.6116966755035573
116 1044 0 0 0 0.1357763329591387 0.13063404442550008 -3.592306927425778 -1.1409458504635472 -2.6154986401746436 -1.1443199629254668 -2.6112777404983705
117 1053 0 0 0 0.13578288335361693 0.13066717415952078 -3.5932175725617683 -1.1421572888139937 -2.6148422142443453 -1.1436781735532109 -2.611819653215413
118 1062 0 0 0 0.1358823024281877 0.13057536109826745 -3.590820588549903 -1.1429846925494616 -2.615508097059978 -1.143127510346545 -2.6147644095390588
119 1071 0 0 0 0.1359455802899165 0.1306099345012051 -3.591564585108703 -1.1424192926769483 -2.6163308342536458 -1.142590647197001 -2.6162226764362586
120 1080 0 0 0 0.13591393556511974 0.13052567958163439 -3.5898959374325154 -1.1414672579305243 -2.617171212748543 -1.1409650050916238 -2.615812085815664
121 1089 0 0 0 0.13592562060019098 0.13047017089998827 -3.5881555521929664 -1.1409025813006952 -2.6175482942395214 -1.1398850241526175 -2.616326982531823
122 1098 0 0 0 0.135993353480179 0.13047777894888418 -3.588726052284388 -1.1416524836712048 -2.616604772667932 -1.141518731296138 -2.6179890116306286
123 1107 0 0 0 0.13600355686608753 0.13048070092869413 -3.588318704146958 -1.141162667417227 -2.6176974672398874 -1.1402991404274445 -2.6182389860424853
124 1116 0 0 0 0.13594684111137803 0.1305529141098451 -3.5898847822759925 -1.1411067519677753 -2.6172340267971155 -1.1412097706900322 -2.617096917799114
125 1125 0 0 0 0.1359895595951726 0.13056785040509025 -3.590964346826101 -1.1418373950939513 -2.6173930693744025 -1.142921114385038 -2.6171833987036446
126 1134 0 0 0 0.13604306249706224 0.13055320819609995 -3.590369854684716 -1.143313080178365 -2.617544533122944 -1.1428091372403983 -2.618679572653927
127 1143 0 0 0 0.1359975198220921 0.13061350367753274 -3.5920013629589094 -1.1432251865820195 -2.6178038909022527 -1.1436825549120124 -2.617053805317259
128 1152 0 0 0 0.1359884204098882 0.13062657069441083 -3.5922662322453003 -1.1444328197569595 -2.617708823509581 -1.1438160995718964 -2.616968173397764
129 1161 0 0 0 0.13601722438272174 0.13062735706912829 -3.5925421021514423 -1.1441433446110587 -2.6176128846659736 -1.1446415315028102 -2.617238170452677
130 1170 0 0 0 0.13605858927440223 0.13060738553896212 -3.591873768497634 -1.144705632274786 -2.617491260237971 -1.1449433974158068 -2.618272929196788
131 1179 0 0 0 0.13605607097838893 0.1305971348561038 -3.5916436346782983 -1.1446945219629385 -2.617964397740935 -1.1447088223558102 -2.6180076810182094
132 1188 0 0 0 0.13603109770166286 0.13057931656626706 -3.5910724366172406 -1.144096423379795 -2.6177467682998476 -1.1440248738283951 -2.6176995746757137
133 1197 0 0 0 0.13605778835193383 0.13058989906481636 -3.591108299615202 -1.1441107948351597 -2.618065904409647 -1.1444331775643748 -2.618118715702266
134 1206 0 0 0 0.13603008874966127 0.1305956838686104 -3.591291896076807 -1.1435936686255457 -2.6182534854411417 -1.1436585378051305 -2.6177035402277613
135 1215 0 0 0 0.13606048901453574 0.13056845739414819 -3.590580897389148 -1.1439719905910488 -2.6182258495800723 -1.1435812661838383 -2.6184743671251733
136 1224 0 0 0 0.1360587563297024 0.13056907407844917 -3.590643399224706 -1.1439929493787553 -2.618376045164738 -1.1436278066773689 -2.618374376313385
137 1233 0 0 0 0.13604071836073767 0.13057022007338337 -3.590722364664797 -1.1437016539833054 -2.6181831201712127 -1.1435346786113894 -2.618045733242436
138 1242 0 0 0 0.13604085497118812 0.13057480398937577 -3.5908631017642736 -1.1436721196921056 -2.6180765193769058 -1.1436447723683127 -2.6180120042850565
139 1251 0 0 0 0.1360407174253011 0.13058187872034693 -3.59097294501715 -1.143840528984046 -2.618042579715072 -1.1439344285458337 -2.6178490613176226
140 1260 0 0 0 0.136039196737545 0.13058192348634418 -3.5909789971318045 -1.1438442719746065 -2.6179745662093237 -1.1439190970451525 -2.617830225819986
141 1269 0 0 0 0.13604550552120198 0.13056863022304063 -3.590596292768058 -1.143894960353768 -2.617942426186083 -1.1438624879794537 -2.6179855353685686
142 1278 0 0 0 0.13605322736836248 0.13056517575791532 -3.5905785943616024 -1.1439578400855992 -2.6180411157305294 -1.1440165752961553 -2.618096289640103
143 1287 0 0 0 0.1360416708085827 0.13057539253601663 -3.5908679316435803 -1.1437940089645773 -2.617920164112295 -1.143902625533415 -2.6178656123577255
144 1296 0 0 0 0.1360317411546351 0.13057388374767223 -3.590811280711239 -1.1437501448099947 -2.6178909902833656 -1.1437526722978801 -2.617737716231088
145 1305 0 0 0 0.13603224005897546 0.13057821473279563 -3.590905944600004 -1.1437602618633285 -2.617915784969409 -1.143729387651896 -2.617725403879743
146 1314 0 0 0 0.13603431343365133 0.1305796514790949 -3.5909446336585256 -1.1437419181381172 -2.6179236418429657 -1.143760485576214 -2.617730410863013
147 1323 0 0 0 0.13603320351864998 0.13058219314452155 -3.590991492425388 -1.143737291817752 -2.6179359109800315 -1.1437965971077326 -2.6177173244384653
148 1332 0 0 0 0.13603732843600738 0.1305816362395931 -3.591000957601454 -1.1437670991109912 -2.6179412320591666 -1.143837511077111 -2.6177827475910003
149 1341 0 0 0 0.13603936174211992 0.1305804571422666 -3.5909597687445043 -1.1438274177259338 -2.617950043359582 -1.1438285773853174 -2.6178429728595196
150 1350 0 0 0 0.13604079931624832 0.1305799240872641 -3.5909477674001713 -1.1438368460449007 -2.617980882144892 -1.143802776629228 -2.61788101239349
151 1359 0 0 0 0.13604540466438633 0.13057919753163116 -3.590930828374617 -1.1438545442977917 -2.617997308517248 -1.143845122066283 -2.6179546287948927
152 1368 0 0 0 0.13604351221834743 0.13057936205948928 -3.5909337074338508 -1.143846911738298 -2.617969974390403 -1.1438430693580577 -2.617929979113282
153 1377 0 0 0 0.13604159785845607 0.1305796020121883 -3.5909266164158 -1.1437950852100478 -2.61793883780427 -1.1437898401397966 -2.617914947316734
154 1386 0 0 0 0.13604429894195152 0.13057907260707943 -3.590917146899729 -1.1438175606294492 -2.6179425033218586 -1.1438180078625106 -2.6179544330976374
155 1395 0 0 0 0.13604233628134368 0.1305813647663493 -3.59097459938911 -1.1438162645310668 -2.617935184191737 -1.1438114904969283 -2.617915585825655
156 1404 0 0 0 0.13604418418609368 0.13057922225185278 -3.590926932076282 -1.143809249005668 -2.61794754757326 -1.143813553509773 -2.617960407882677
157 1413 0 0 0 0.13604618401136445 0.1305784413188839 -3.590903269951964 -1.1438277195644933 -2.617978609942487 -1.1438184723493003 -2.6180057709343867
158 1422 0 0 0 0.13604902095756533 0.13057852244460952 -3.5909098703689817 -1.1438591564505731 -2.618008314413937 -1.1438529106672903 -2.6180471228531856
159 1431 0 0 0 0.13604770030268817 0.13058015710286 -3.5909544785271454 -1.143848755685239 -2.6180156586441257 -1.1438379958778238 -2.618021736181101
160 1440 0 0 0 0.13604822554948898 0.13057887771134322 -3.590916913776092 -1.1438466764677275 -2.618017511481994 -1.1438324304854584 -2.618039041513754
161 1449 0 0 0 0.13604564552316648 0.13057948002453199 -3.590934640335508 -1.1438292464936037 -2.6180045128250176 -1.1437984935032772 -2.6179992503002736
162 1458 0 0 0 0.13604624305031693 0.1305786131849128 -3.590913798710082 -1.1438314683399078 -2.617994688723937 -1.1438242571743646 -2.618003830757873
163 1467 0 0 0 0.1360457952116497 0.13057933160834487 -3.5909349893858655 -1.1438474757927803 -2.6179989871903433 -1.143839081488917 -2.617990463417913
164 1476 0 0 0 0.13604639016061437 0.13057964350724494 -3.5909431479578484 -1.1438463523217766 -2.6180019076775567 -1.143842920276402 -2.617999779549958
165 1485 0 0 0 0.13604612190177295 0.13057890676201997 -3.5909222547971718 -1.1438449197561118 -2.6179965261520413 -1.1438348686439903 -2.617997397180673
166 1494 0 0 0 0.1360461704197918 0.1305789555477908 -3.590920613055286 -1.1438454705137506 -2.617996228644231 -1.1438347252479824 -2.617999470764846
167 1503 0 0 0 0.1360462213525082 0.1305793117795314 -3.5909316455914877 -1.143847427112347 -2.618007979037611 -1.1438406967087233 -2.6179976878687246
168 1512 0 0 0 0.13604645419718434 0.1305795070442807 -3.5909354598802965 -1.143851337349153 -2.618003972615231 -1.143852926113119 -2.61799820815623
169 1521 0 0 0 0.13604629971985327 0.1305794204728222 -3.5909327745682966 -1.143849820079774 -2.617998567843048 -1.1438498082742303 -2.6179951004497313
170 1530 0 0 0 0.13604647947740212 0.13057923527275322 -3.590928672967092 -1.1438488707213237 -2.6179952657078007 -1.1438512494423951 -2.6179995009405785
171 1539 0 0 0 0.1360471274791454 0.13057954858279097 -3.5909389407738432 -1.143853149835378 -2.6180066405923337 -1.143860210654846 -2.6180094630263366
172 1548 0 0 0 0.13604693755630184 0.1305793514808113 -3.5909336355101518 -1.1438529032639568 -2.618004925428626 -1.1438566370236705 -2.6180082598310905
173 1557 0 0 0 0.13604622437309533 0.13057948253323393 -3.590937101204632 -1.1438510387617893 -2.6180053471169065 -1.1438500591260368 -2.6179941601498715
174 1566 0 0 0 0.13604659147213366 0.13057932445449286 -3.5909322441563147 -1.1438528484974457 -2.618004981423224 -1.1438553189624758 -2.6179997603763994
175 1575 0 0 0 0.13604656750421176 0.13057916673585973 -3.590928593334632 -1.1438550675164012 -2.618005283796381 -1.1438545627214332 -2.617999913407299
176 1584 0 0 0 0.13604680832004906 0.13057921622198862 -3.590929066501295 -1.1438550343092118 -2.6180057391198983 -1.1438565859311167 -2.6180045088818593
177 1593 0 0 0 0.1360471125842486 0.13057915415628055 -3.590926949182563 -1.1438582736964327 -2.618007743270222 -1.1438607016155007 -2.6180092552563647
178 1602 0 0 0 0.1360471219542744 0.1305794221044948 -3.590934236503122 -1.1438580079622949 -2.6180063160193763 -1.1438593352204356 -2.61800982414668
179 1611 0 0 0 0.13604727500438082 0.1305791845967035 -3.5909281406128195 -1.143859411943671 -2.618009443742122 -1.1438605167038545 -2.6180125399044925
180 1620 0 0 0 0.1360473224615979 0.13057924038892585 -3.5909297581263298 -1.1438605310597927 -2.618011782706146 -1.143862233176781 -2.618013504516044
181 1629 0 0 0 0.13604727624296678 0.1305793868644573 -3.590933187118214 -1.143859539145777 -2.6180117430800656 -1.1438607028387306 -2.6180127254955283
182 1638 0 0 0 0.13604748393639882 0.1305793842404051 -3.5909328209531814 -1.1438640419091142 -2.618014227176197 -1.1438651665652728 -2.6180154117179146
183 1647 0 0 0 0.1360474668200445 0.13057935704802456 -3.590932310426643 -1.1438652267766443 -2.6180156899572573 -1.1438665412878957 -2.618014642351078
184 1656 0 0 0 0.13604750030368087 0.13057929105083918 -3.5909306000206023 -1.143865156650815 -2.6180168900426537 -1.1438642988598617 -2.6180165407344083
185 1665 0 0 0 0.13604754467121993 0.13057935070554985 -3.5909319641323134 -1.1438663879137019 -2.618017752192262 -1.1438641133839649 -2.6180174565327863
186 1674 0 0 0 0.13604744920464665 0.1305794284291815 -3.590934022305648 -1.1438644737440775 -2.618015537514143 -1.1438636052531372 -2.618015231884542
187 1683 0 0 0 0.13604725410793814 0.13057936971076123 -3.5909327070427643 -1.1438610311864135 -2.6180122620410238 -1.143859792348289 -2.6180123385923433
188 1692 0 0 0 0.1360471113060972 0.13057947098997613 -3.5909354066171892 -1.1438577294502976 -2.6180091081149843 -1.1438563506011257 -2.6180103713362834
189 1701 0 0 0 0.13604695172770104 0.13057953109564122 -3.5909369559246542 -1.1438549716612474 -2.618007741870607 -1.1438537184421116 -2.6180078748356386
190 1710 0 0 0 0.13604732169742575 0.13057942264187014 -3.5909343402193454 -1.1438604527599616 -2.6180134154114256 -1.1438609719376687 -2.6180136136697456
191 1719 0 0 0 0.13604745456977688 0.13057945046338318 -3.5909351703812464 -1.143861898498431 -2.6180155322856153 -1.1438630153365357 -2.6180155373040748
192 1728 0 0 0 0.13604750531071044 0.13057935625080866 -3.590932323660291 -1.143864014575598 -2.6180161736878036 -1.1438646591053265 -2.618016284677686
193 1737 0 0 0 0.13604765189042767 0.13057940752059524 -3.5909337261552787 -1.143865704764436 -2.61801822165609 -1.1438659470001744 -2.618019063983224
194 1746 0 0 0 0.13604769998216923 0.13057942191243518 -3.5909340591950167 -1.1438664988631133 -2.6180195776926167 -1.1438668539398547 -2.618019803876709
195 1755 0 0 0 0.13604775297988872 0.1305794796980603 -3.5909356403722814 -1.1438663546057128 -2.6180203699278257 -1.1438661168340523 -2.6180212716217772
196 1764 0 0 0 0.13604778820247004 0.13057943476300216 -3.590934435518946 -1.1438672010243809 -2.618021033836844 -1.1438670095914967 -2.618021675996296
197 1773 0 0 0 0.13604785266947253 0.13057944114951173 -3.59093469283872 -1.1438684402953883 -2.618022417169638 -1.143868385800767 -2.618022508438386
198 1782 0 0 0 0.13604799224182187 0.13057942131996966 -3.590934011570317 -1.143870478198174 -2.618024530595579 -1.1438704016301684 -2.6180248692871375
199 1791 0 0 0 0.1360479946270949 0.13057942759603908 -3.590934206669112 -1.1438707484312887 -2.618024931678678 -1.143870453569663 -2.618024896189173
200 1800 0 0 0 0.1360479871074632 0.13057942919821997 -3.590934281964347 -1.1438701325556577 -2.6180241560882167 -1.1438703333607079 -2.618024777391342
201 1809 0 0 0 0.13604796632740734 0.13057945122544953 -3.5909348672065797 -1.1438700172974434 -2.6180240648584734 -1.1438699044332306 -2.6180245277791374
202 1818 0 0 0 0.1360479558548988 0.13057940642889454 -3.5909337159367642 -1.1438701051563014 -2.6180238205945883 -1.1438699611433687 -2.618024269794919
203 1827 0 0 0 0.13604797266895435 0.13057939125972284 -3.5909332860614773 -1.143870342934889 -2.6180242655007113 -1.1438703326575956 -2.6180245866630436
204 1836 0 0 0 0.13604802310663758 0.13057940336262444 -3.5909336057601466 -1.1438710355493305 -2.6180250658917203 -1.1438709380170489 -2.6180254029779904
205 1845 0 0 0 0.13604801615337755 0.13057942687662855 -3.5909342783171576 -1.1438706218013446 -2.618024874823757 -1.14387075089491 -2.618025280302137
206 1854 0 0 0 0.13604804549800176 0.1305794284009421 -3.5909343220050474 -1.143871298497921 -2.618025507749476 -1.1438714354835418 -2.6180256738956653
207 1863 0 0 0 0.13604803294267412 0.13057944047822645 -3.590934601865257 -1.1438710929935838 -2.6180255805170827 -1.1438710525814098 -2.6180255543293622
208 1872 0 0 0 0.1360480387942172 0.13057943938683708 -3.5909345713123217 -1.1438711626332947 -2.6180254320474634 -1.143871148217467 -2.6180255971193094
209 1881 0 0 0 0.1360480450949705 0.1305794309844437 -3.5909343857783953 -1.1438713301905876 -2.618025539952514 -1.1438713977344122 -2.6180256627249103
210 1890 0 0 0 0.1360480493404655 0.13057944923782563 -3.590934878836485 -1.1438713740164734 -2.618025816937471 -1.1438713715673887 -2.6180257449260096
211 1899 0 0 0 0.13604805572838966 0.13057944545523734 -3.5909347659136275 -1.1438714302644422 -2.61802584321099 -1.1438715629058744 -2.6180258197626385
212 1908 0 0 0 0.13604808379562425 0.13057945656121356 -3.5909350569117473 -1.1438718471395555 -2.618026448437445 -1.1438719680736247 -2.6180263018379173
213 1917 0 0 0 0.1360480828032946 0.13057944464604804 -3.5909347448543123 -1.1438718103949566 -2.61802637494269 -1.143871832131392 -2.6180263356619453
214 1926 0 0 0 0.13604806668590666 0.1305794470413691 -3.590934783999309 -1.1438715347494026 -2.6180260314706763 -1.1438715787413387 -2.6180260760001564
215 1935 0 0 0 0.13604806742143125 0.13057943234170905 -3.590934377991093 -1.1438716314796804 -2.6180260739624233 -1.1438716353824547 -2.6180260626781857
216 1944 0 0 0 0.13604808485203182 0.1305794357108858 -3.5909344720134095 -1.1438719761963774 -2.618026348008594 -1.143871974056111 -2.6180263280600298
217 1953 0 0 0 0.13604810299316245 0.13057942781237816 -3.5909342366211283 -1.1438722725016286 -2.618026623702128 -1.1438722905460106 -2.6180266079168732
218 1962 0 0 0 0.13604807802166147 0.13057942991544613 -3.590934288075815 -1.143871878749555 -2.6180262077099474 -1.1438719597199236 -2.6180261710275814
219 1971 0 0 0 0.13604806398127525 0.13057943341227654 -3.5909344145351727 -1.1438717547545618 -2.6180260171905445 -1.1438718128814869 -2.6180259132355723
220 1980 0 0 0 0.13604805696859332 0.1305794267927936 -3.5909342316815818 -1.143871610476575 -2.6180258520542794 -1.1438715822661571 -2.618025839158871
221 1989 0 0 0 0.1360480736027528 0.13057942189187383 -3.590934093840032 -1.1438719211556805 -2.618026160290373 -1.1438719099203332 -2.6180260805372226
222 1998 0 0 0 0.13604808507217872 0.13057941971647724 -3.5909340308897124 -1.1438720793139316 -2.618026329933302 -1.1438720217739642 -2.618026289746933
223 2007 0 0 0 0.1360480857695944 0.13057941354718866 -3.590933866562852 -1.1438720668157691 -2.6180262933665213 -1.1438720644401377 -2.6180262936276213
224 2016 0 0 0 0.13604808897369855 0.13057940817146077 -3.5909337257092315 -1.1438721294939922 -2.618026359866148 -1.1438721001933092 -2.6180263524753493
225 2025 0 0 0 0.13604811610875645 0.13057940725866493 -3.5909337061752287 -1.1438724994981322 -2.6180267883346886 -1.1438724769623476 -2.618026807426621
226 2034 0 0 0 0.13604811967441222 0.1305793909080534 -3.590933265755772 -1.1438726359134315 -2.618026778758929 -1.1438726675948325 -2.6180268114017444
227 2043 0 0 0 0.1360481167657357 0.13057939627972728 -3.5909334023255037 -1.1438726351460775 -2.6180267738664185 -1.1438726562404533 -2.6180267592448145
228 2052 0 0 0 0.13604809752458488 0.13057941146911445 -3.590933821344934 -1.1438722970335402 -2.618026489874817 -1.1438722744913241 -2.6180264734993677
229 2061 0 0 0 0.13604812164574098 0.13057940438823726 -3.590933626570393 -1.143872659454818 -2.6180269186145773 -1.1438726359698155 -2.618026871603187
230 2070 0 0 0 0.1360481140383882 0.13057939769973734 -3.590933450931414 -1.1438725786252162 -2.618026751120592 -1.1438725784974075 -2.6180267297294737
231 2079 0 0 0 0.13604811587663923 0.1305793986459861 -3.590933475506276 -1.1438725971851973 -2.61802674932428 -1.1438725984460532 -2.618026762436649
232 2088 0 0 0 0.136048115000416 0.13057940232603074 -3.5909335770156887 -1.1438725433700712 -2.6180267331066593 -1.143872557583678 -2.6180267608197165
233 2097 0 0 0 0.13604811564147312 0.13057939872660854 -3.5909334732444633 -1.143872563373899 -2.618026722375493 -1.1438725926737823 -2.618026754753289
234 2106 0 0 0 0.13604811981477888 0.13057939890638778 -3.5909334818624448 -1.1438726530432595 -2.6180268243153444 -1.1438726471547351 -2.618026823635529
235 2115 0 0 0 0.1360481166249274 0.1305794003731976 -3.5909335215218996 -1.1438726091827278 -2.6180267522681806 -1.1438725904015357 -2.618026773450079
236 2124 0 0 0 0.1360481042389206 0.13057940217276165 -3.5909335634994277 -1.1438724348402056 -2.618026560481283 -1.143872425104898 -2.6180265691962687
237 2133 0 0 0 0.13604810478939033 0.13057940416940808 -3.5909336057687717 -1.1438724167786276 -2.6180265586626272 -1.1438724175307686 -2.6180265855884692
238 2142 0 0 0 0.13604810709029905 0.13057940601486837 -3.5909336616818264 -1.1438724457778218 -2.618026623861774 -1.1438724437250707 -2.6180266269088035
239 2151 0 0 0 0.13604811335668646 0.13057940534754126 -3.5909336472819913 -1.1438725410774577 -2.618026723805311 -1.14387253901014 -2.6180267277200873
240 2160 0 0 0 0.1360481105673428 0.13057940513521468 -3.5909336432016863 -1.143872524580662 -2.6180266872929874 -1.1438725112078094 -2.6180266739185787
241 2169 0 0 0 0.13604812067005861 0.1305794048116986 -3.5909336348089806 -1.143872643672091 -2.6180268484261537 -1.1438726434252136 -2.6180268458646685
242 2178 0 0 0 0.13604811832916236 0.13057940351250813 -3.5909336007257697 -1.1438726122048084 -2.618026803428558 -1.1438726190064563 -2.6180268022375177
243 2187 0 0 0 0.13604812479186157 0.13057940469777687 -3.590933631705964 -1.1438727044320616 -2.618026920014779 -1.1438727060841771 -2.6180269173472466
244 2196 0 0 0 0.13604811316667376 0.13057940691546904 -3.5909336920743287 -1.1438725142734585 -2.618026726649266 -1.143872517351396 -2.618026732288262
245 2205 0 0 0 0.13604810768553915 0.13057940784656216 -3.5909337186593064 -1.143872446839513 -2.6180266429787777 -1.1438724491874812 -2.6180266352912342
246 2214 0 0 0 0.1360481107964105 0.1305794093193043 -3.5909337550842535 -1.1438724719193174 -2.6180266953928144 -1.1438724708004542 -2.6180266948089113
247 2223 0 0 0 0.13604811333364128 0.13057940799820777 -3.590933718945017 -1.1438725277322137 -2.618026732691278 -1.143872522313444 -2.6180267304192313
248 2232 0 0 0 0.1360481164507736 0.13057940856663425 -3.5909337363199687 -1.1438725698580736 -2.6180267931833154 -1.1438725702779706 -2.618026781348616
249 2241 0 0 0 0.13604811635842187 0.13057940888866998 -3.590933744041091 -1.1438725645845593 -2.6180267947343094 -1.1438725625587562 -2.618026781921192
250 2250 0 0 0 0.13604811876680656 0.13057940843216756 -3.590933733917893 -1.1438725996159216 -2.6180268322344107 -1.1438725989482819 -2.6180268216202065
251 2259 0 0 0 0.13604812066135313 0.1305794090141272 -3.5909337476801397 -1.143872621422204 -2.6180268648197744 -1.1438726194837228 -2.6180268555139405
252 2268 0 0 0 0.13604812262081378 0.13057940853293618 -3.590933733567822 -1.1438726475551184 -2.6180268940287568 -1.1438726452483825 -2.6180268903073913
253 2277 0 0 0 0.1360481211961615 0.1305794084906932 -3.590933732781778 -1.1438726279855054 -2.618026868025095 -1.143872627726266 -2.6180268655202203
254 2286 0 0 0 0.1360481219071392 0.13057940759892703 -3.5909337073755365 -1.1438726437043965 -2.6180268766991874 -1.1438726389345155 -2.6180268771553146
255 2295 0 0 0 0.13604812210562753 0.1305794073466718 -3.5909337006324993 -1.143872649128609 -2.6180268780880636 -1.1438726498602934 -2.6180268767460615
256 2304 0 0 0 0.13604812573844932 0.13057940725907705 -3.590933698209345 -1.1438727002428404 -2.6180269375919036 -1.1438727022129087 -2.618026937369274
257 2313 0 0 0 0.13604812442666347 0.13057940533604812 -3.5909336464068997 -1.1438726942845838 -2.6180269126249507 -1.1438726949690097 -2.618026912020504
258 2322 0 0 0 0.13604812533896263 0.13057940497336742 -3.590933637458547 -1.1438727109253675 -2.6180269262934077 -1.1438727135072921 -2.618026924202451
259 2331 0 0 0 0.13604812502957253 0.13057940452719707 -3.590933625128304 -1.143872710133707 -2.618026919413529 -1.1438727113340188 -2.618026917748653
260 2340 0 0 0 0.13604812633333974 0.13057940541668253 -3.590933649154277 -1.143872721223243 -2.618026943099754 -1.1438727239127182 -2.6180269407402683
261 2349 0 0 0 0.1360481259211786 0.13057940618097216 -3.5909336695459015 -1.1438727129333892 -2.6180269405644148 -1.1438727153973987 -2.618026935753233
262 2358 0 0 0 0.13604812794962626 0.13057940642652635 -3.5909336764434885 -1.1438727389700176 -2.6180269768014286 -1.1438727396545527 -2.6180269714492255
263 2367 0 0 0 0.1360481286064115 0.1305794063210119 -3.5909336737592823 -1.1438727472631107 -2.618026985874435 -1.1438727475600838 -2.618026983201828
264 2376 0 0 0 0.1360481279505541 0.1305794064685456 -3.5909336781445904 -1.1438727396474417 -2.6180269746476474 -1.1438727384033645 -2.618026971729089
265 2385 0 0 0 0.13604812397677019 0.1305794065811511 -3.5909336807711636 -1.1438726817053935 -2.618026908766148 -1.1438726802304187 -2.6180269060239527
266 2394 0 0 0 0.13604812423920754 0.1305794063811403 -3.5909336755637735 -1.143872684214019 -2.6180269111939185 -1.143872685278782 -2.6180269097135906
267 2403 0 0 0 0.13604812344766187 0.13057940650168043 -3.5909336787545056 -1.1438726711619431 -2.6180268977150956 -1.1438726717360512 -2.618026897083855
268 2412 0 0 0 0.13604812499066005 0.1305794059543033 -3.5909336638344356 -1.1438726958038476 -2.61802692120186 -1.1438726972502111 -2.618026921795753
269 2421 0 0 0 0.13604812565182606 0.13057940608528446 -3.590933667328652 -1.1438727041390864 -2.618026932072241 -1.1438727038702046 -2.6180269341045554
270 2430 0 0 0 0.1360481257577049 0.13057940563400844 -3.5909336546150903 -1.143872708267119 -2.6180269325668464 -1.143872708594353 -2.618026934174246
271 2439 0 0 0 0.13604812482190412 0.1305794054706754 -3.5909336505706753 -1.1438726965245574 -2.6180269172391473 -1.143872697555661 -2.618026917303754
272 2448 0 0 0 0.13604812355698706 0.1305794052445165 -3.590933644174406 -1.1438726810902897 -2.618026896892756 -1.1438726807260629 -2.6180268955406016
273 2457 0 0 0 0.136048123271334 0.13057940497893447 -3.5909336367850844 -1.1438726807580368 -2.6180268909796878 -1.1438726792008544 -2.61802688948259
274 2466 0 0 0 0.13604812390582766 0.13057940601010368 -3.5909336648361903 -1.1438726809837338 -2.618026903120394 -1.1438726807977193 -2.6180269034766956
275 2475 0 0 0 0.13604812327216428 0.13057940545822724 -3.5909336496869204 -1.1438726739321323 -2.6180268910962776 -1.1438726744150027 -2.6180268919049294
276 2484 0 0 0 0.13604812300156657 0.13057940540307267 -3.5909336481783605 -1.143872669410231 -2.6180268861087144 -1.1438726702666486 -2.618026887534162
277 2493 0 0 0 0.13604812473854466 0.1305794051594561 -3.5909336417214104 -1.143872696009217 -2.618026914992766 -1.1438726962310541 -2.6180269165679797
278 2502 0 0 0 0.1360481231582881 0.13057940503662602 -3.5909336382159496 -1.1438726752214938 -2.6180268888363014 -1.1438726746386676 -2.6180268895873167
279 2511 0 0 0 0.13604812266078933 0.13057940504249285 -3.590933638432102 -1.1438726686046214 -2.618026881008877 -1.1438726681680516 -2.618026881130839
280 2520 0 0 0 0.13604812273993253 0.13057940481141 -3.5909336319641456 -1.1438726718003127 -2.6180268820209305 -1.1438726711014908 -2.6180268817740022
281 2529 0 0 0 0.1360481227998076 0.13057940485087188 -3.5909336332048514 -1.1438726723174668 -2.618026883433973 -1.1438726722827726 -2.6180268825908803
282 2538 0 0 0 0.13604812358685134 0.13057940490753236 -3.5909336348187235 -1.1438726822689567 -2.618026896710762 -1.1438726826158168 -2.618026896029828
283 2547 0 0 0 0.13604812379857742 0.13057940466693524 -3.5909336282764586 -1.1438726866678348 -2.61802689977163 -1.1438726870773848 -2.6180268989184623
284 2556 0 0 0 0.136048124163755 0.13057940471191654 -3.59093362938646 -1.1438726912893098 -2.6180269054556846 -1.143872691392781 -2.618026905289908
285 2565 0 0 0 0.13604812392469287 0.1305794046314315 -3.5909336271881855 -1.1438726888695654 -2.6180269020112474 -1.1438726886946176 -2.6180269010557105
286 2574 0 0 0 0.13604812390682988 0.13057940451116426 -3.590933623913855 -1.1438726895445854 -2.618026901116849 -1.143872689373512 -2.6180269002666927
287 2583 0 0 0 0.1360481243104018 0.13057940456205328 -3.5909336252585096 -1.143872694781008 -2.618026907613319 -1.1438726945332929 -2.6180269073549245
288 2592 0 0 0 0.1360481245484302 0.13057940462811027 -3.5909336270290373 -1.143872697602105 -2.6180269115192973 -1.1438726975154199 -2.6180269114659627
289 2601 0 0 0 0.13604812501051627 0.13057940462557405 -3.5909336270155405 -1.1438727045203356 -2.618026918879834 -1.1438727043029744 -2.618026919103936
290 2610 0 0 0 0.13604812541796463 0.1305794044211238 -3.5909336214643925 -1.143872712217909 -2.6180269255313338 -1.1438727116613048 -2.618026925334813
291 2619 0 0 0 0.13604812499651467 0.1305794044902606 -3.5909336233285263 -1.1438727061139466 -2.6180269186963097 -1.1438727061167966 -2.618026917990606
292 2628 0 0 0 0.1360481253980763 0.13057940426741602 -3.59093361721138 -1.1438727131954116 -2.618026924663238 -1.1438727126073815 -2.6180269243911454
293 2637 0 0 0 0.13604812520804863 0.13057940401812046 -3.590933610513516 -1.143872712691919 -2.618026921329975 -1.1438727122279484 -2.6180269202509816
294 2646 0 0 0 0.13604812525512977 0.1305794040398159 -3.5909336110608434 -1.143872712637304 -2.618026921922816 -1.143872712084691 -2.618026921298889
295 2655 0 0 0 0.13604812514375972 0.13057940400332718 -3.5909336100922093 -1.1438727112855103 -2.6180269194566117 -1.1438727116066065 -2.618026918837782
296 2664 0 0 0 0.13604812528576832 0.1305794039834393 -3.5909336096053632 -1.1438727135427997 -2.618026921916713 -1.14387271374168 -2.6180269212818104
297 2673 0 0 0 0.1360481254960198 0.13057940407325114 -3.590933611908198 -1.1438727151291013 -2.6180269253926283 -1.1438727152568617 -2.6180269254157102
298 2682 0 0 0 0.1360481257822469 0.1305794040167267 -3.590933610329459 -1.1438727193516467 -2.6180269297216587 -1.1438727194610867 -2.6180269301340946
299 2691 0 0 0 0.13604812610316758 0.13057940398533296 -3.590933609495269 -1.14387272406152 -2.6180269350373213 -1.1438727238650699 -2.6180269355667125
300 2700 0 0 0 0.13604812543044617 0.13057940396334416 -3.590933608871135 -1.1438727147962935 -2.618026924031803 -1.1438727143581968 -2.6180269242844076
301 2709 0 0 0 0.13604812548002945 0.1305794041133648 -3.5909336129487497 -1.1438727144446332 -2.618026925775365 -1.1438727137484994 -2.6180269257874995
302 2718 0 0 0 0.13604812526012458 0.1305794039955189 -3.590933609834954 -1.1438727123894636 -2.618026922065318 -1.1438727119477714 -2.618026921502514
303 2727 0 0 0 0.13604812489531667 0.13057940413648308 -3.590933613671397 -1.1438727063586132 -2.6180269166570955 -1.1438727057373856 -2.6180269158878726
304 2736 0 0 0 0.13604812474482017 0.13057940416361005 -3.5909336144383914 -1.143872703760129 -2.6180269140613532 -1.1438727033190248 -2.61802691349013
305 2745 0 0 0 0.13604812482991896 0.13057940405047702 -3.5909336112987944 -1.1438727054759266 -2.6180269147646844 -1.1438727049999522 -2.6180269147137065
306 2754 0 0 0 0.13604812499226748 0.1305794041789886 -3.590933614837967 -1.143872706805485 -2.6180269177836695 -1.1438727065634584 -2.618026917748131
307 2763 0 0 0 0.13604812474673622 0.13057940405334312 -3.5909336114876376 -1.1438727042053682 -2.6180269135547847 -1.1438727040936376 -2.6180269131471547
308 2772 0 0 0 0.1360481248172444 0.1305794039823645 -3.590933609526593 -1.143872705402094 -2.6180269144899917 -1.143872705373246 -2.6180269142374955
309 2781 0 0 0 0.13604812477154865 0.13057940405983892 -3.5909336116321247 -1.143872704355884 -2.618026913744556 -1.1438727044733101 -2.61802691356059
310 2790 0 0 0 0.136048124880399 0.13057940407475638 -3.590933612073075 -1.1438727059061318 -2.6180269156791875 -1.1438727060204255 -2.6180269154151365
311 2799 0 0 0 0.13604812495633567 0.13057940410351837 -3.5909336128762064 -1.1438727064757885 -2.6180269170460555 -1.143872706627919 -2.618026916885433
312 2808 0 0 0 0.13604812474732328 0.13057940405570467 -3.590933611558186 -1.1438727037471885 -2.618026913254492 -1.1438727039307441 -2.618026913242308
313 2817 0 0 0 0.13604812479990222 0.13057940402660723 -3.5909336107602488 -1.1438727049761275 -2.618026914012908 -1.1438727050168922 -2.6180269139533316
314 2826 0 0 0 0.13604812475559272 0.1305794041055825 -3.5909336128765577 -1.143872703535501 -2.618026913350885 -1.143872703623227 -2.618026913540519
315 2835 0 0 0 0.13604812482409046 0.13057940406782384 -3.5909336118240427 -1.1438727047053716 -2.6180269144166823 -1.1438727047865813 -2.6180269145979422
316 2844 0 0 0 0.13604812469838426 0.1305794039839326 -3.5909336095261017 -1.1438727035143914 -2.6180269121050888 -1.143872703501101 -2.6180269122690274
317 2853 0 0 0 0.13604812456128185 0.13057940402642004 -3.5909336107094 -1.1438727013422196 -2.618026910103373 -1.1438727013987322 -2.6180269100686764
318 2862 0 0 0 0.1360481245408754 0.13057940404743396 -3.5909336112898838 -1.14387270092528 -2.6180269098723614 -1.1438727009170058 -2.618026909834042
319 2871 0 0 0 0.13604812455877874 0.13057940405031912 -3.590933611381467 -1.1438727011784582 -2.61802691019872 -1.1438727011834198 -2.618026910122716
320 2880 0 0 0 0.13604812450732937 0.13057940406111374 -3.590933611675199 -1.143872700271318 -2.6180269094210185 -1.1438727002187297 -2.6180269093811006
321 2889 0 0 0 0.1360481245180381 0.13057940406766444 -3.5909336118194406 -1.1438727004836355 -2.618026909563535 -1.1438727003881675 -2.618026909539622
322 2898 0 0 0 0.13604812455607596 0.13057940406183477 -3.590933611677219 -1.1438727011451801 -2.618026910189183 -1.1438727010641478 -2.6180269101059
323 2907 0 0 0 0.13604812460031016 0.13057940408128718 -3.59093361221899 -1.1438727016024364 -2.6180269109365306 -1.1438727015567776 -2.6180269109053067
324 2916 0 0 0 0.13604812457198032 0.13057940403312646 -3.5909336109106924 -1.143872701525479 -2.6180269102652596 -1.1438727015430654 -2.6180269102400464
325 2925 0 0 0 0.1360481245112873 0.13057940402769636 -3.590933610756764 -1.1438727006607807 -2.618026909265235 -1.1438727006654617 -2.6180269092299686
326 2934 0 0 0 0.136048124616544 0.13057940401992355 -3.590933610544706 -1.143872702263603 -2.618026911058422 -1.1438727022760529 -2.6180269109424392
327 2943 0 0 0 0.1360481246819856 0.13057940401208148 -3.5909336103304597 -1.1438727032239346 -2.618026912084779 -1.143872703257607 -2.6180269120134625
328 2952 0 0 0 0.13604812464675392 0.1305794040270135 -3.5909336107372396 -1.143872702596719 -2.6180269115192116 -1.1438727026374425 -2.618026911466512
329 2961 0 0 0 0.13604812465151872 0.13057940403755947 -3.590933611028733 -1.143872702590768 -2.6180269116434016 -1.1438727026049256 -2.6180269115970156
330 2970 0 0 0 0.13604812467032848 0.13057940403709914 -3.590933611019115 -1.1438727028635338 -2.618026911938498 -1.1438727029305409 -2.618026911884651
331 2979 0 0 0 0.13604812469956554 0.1305794040280358 -3.590933610769868 -1.1438727032748455 -2.618026912363734 -1.1438727033234806 -2.6180269123826387
332 2988 0 0 0 0.1360481246984457 0.13057940402486237 -3.5909336106907386 -1.1438727032685012 -2.618026912332355 -1.1438727033344385 -2.61802691235381
333 2997 0 0 0 0.13604812468216526 0.1305794040131841 -3.5909336103695146 -1.143872703131297 -2.618026912064442 -1.1438727031977896 -2.618026912040339
334 3006 0 0 0 0.13604812470511904 0.1305794040091956 -3.590933610260357 -1.1438727035221823 -2.618026912479153 -1.1438727035911658 -2.6180269123879203
335 3015 0 0 0 0.13604812472336542 0.130579404022846 -3.5909336106350573 -1.1438727036781489 -2.61802691278599 -1.143872703741727 -2.618026912738766
336 3024 0 0 0 0.1360481247333975 0.1305794040117244 -3.590933610328873 -1.1438727038961298 -2.618026912903832 -1.1438727039347667 -2.6180269128828852
337 3033 0 0 0 0.13604812472779898 0.1305794040049661 -3.5909336101392397 -1.1438727038387408 -2.6180269127496936 -1.1438727038973213 -2.618026912762777
338 3042 0 0 0 0.1360481247249835 0.13057940401333806 -3.590933610369009 -1.1438727037140999 -2.618026912719685 -1.1438727037727308 -2.6180269127550746
339 3051 0 0 0 0.1360481247157913 0.1305794040160144 -3.5909336104453535 -1.1438727035597904 -2.6180269125757123 -1.143872703645406 -2.618026912600552
340 3060 0 0 0 0.136048124700006 0.13057940401079063 -3.590933610299512 -1.1438727033720615 -2.6180269123063216 -1.1438727034432459 -2.6180269123266116
341 3069 0 0 0 0.13604812467874297 0.13057940400558574 -3.590933610154363 -1.143872703113995 -2.6180269119278936 -1.143872703205503 -2.6180269119373616
342 3078 0 0 0 0.13604812466519958 0.13057940399836962 -3.5909336099524864 -1.1438727029553215 -2.61802691168745 -1.1438727030449656 -2.6180269116990496
343 3087 0 0 0 0.13604812466505195 0.13057940399800227 -3.590933609938638 -1.1438727029447389 -2.6180269116990833 -1.1438727030179303 -2.61802691171459
344 3096 0 0 0 0.13604812465779173 0.1305794039912881 -3.590933609750066 -1.1438727028780435 -2.618026911569439 -1.1438727029538456 -2.618026911578497
345 3105 0 0 0 0.13604812468094482 0.13057940399832635 -3.5909336099493117 -1.143872703174231 -2.618026911990836 -1.1438727032507263 -2.618026911985663
346 3114 0 0 0 0.13604812470876035 0.1305794039888584 -3.5909336096916045 -1.1438727036337515 -2.6180269124189484 -1.1438727037066037 -2.618026912422693
347 3123 0 0 0 0.1360481247057933 0.13057940398818252 -3.590933609673868 -1.1438727035824399 -2.6180269123671494 -1.1438727036346508 -2.6180269123940283
348 3132 0 0 0 0.1360481247278622 0.13057940399890397 -3.590933609979069 -1.1438727038440377 -2.6180269127712945 -1.1438727039077798 -2.6180269127757207
349 3141 0 0 0 0.13604812475509334 0.1305794040061735 -3.5909336101789426 -1.1438727042048304 -2.6180269132367693 -1.1438727042470347 -2.61802691325427
350 3150 0 0 0 0.13604812476232808 0.13057940401385304 -3.5909336103853176 -1.1438727042677117 -2.6180269133764265 -1.1438727042856756 -2.6180269134020566
351 3159 0 0 0 0.13604812476014141 0.13057940401303592 -3.5909336103610223 -1.1438727042586752 -2.618026913358305 -1.143872704257823 -2.6180269133643033
352 3168 0 0 0 0.13604812476533618 0.13057940400284504 -3.5909336100817564 -1.143872704399885 -2.6180269134255 -1.143872704382791 -2.6180269134308327
353 3177 0 0 0 0.1360481247564077 0.13057940399451912 -3.590933609857958 -1.1438727043314363 -2.618026913247244 -1.1438727043367065 -2.6180269132429106
354 3186 0 0 0 0.13604812475608538 0.13057940399491388 -3.5909336098716667 -1.1438727043043069 -2.6180269132374243 -1.143872704325222 -2.6180269132367657
355 3195 0 0 0 0.13604812476179667 0.1305794039822394 -3.590933609526445 -1.143872704497738 -2.6180269132995138 -1.1438727045337298 -2.618026913278236
356 3204 0 0 0 0.1360481247677679 0.13057940398287707 -3.590933609541177 -1.1438727045492008 -2.618026913390836 -1.1438727045871373 -2.6180269133956466
357 3213 0 0 0 0.1360481247673233 0.13057940397882045 -3.590933609422793 -1.1438727045605048 -2.6180269133606697 -1.1438727045923724 -2.6180269133832987
358 3222 0 0 0 0.1360481247546108 0.1305794039813168 -3.5909336094929474 -1.1438727043496528 -2.618026913149912 -1.1438727043828885 -2.618026913179024
359 3231 0 0 0 0.13604812478802178 0.13057940398811044 -3.5909336096779243 -1.1438727048036035 -2.618026913724262 -1.1438727048106567 -2.618026913758752
360 3240 0 0 0 0.1360481247656423 0.13057940398970677 -3.5909336097229785 -1.1438727044697115 -2.6180269133604703 -1.1438727045027979 -2.618026913377066
361 3249 0 0 0 0.13604812475480632 0.13057940398356718 -3.590933609556156 -1.1438727043452732 -2.618026913182778 -1.1438727043910777 -2.618026913178195
362 3258 0 0 0 0.13604812474689829 0.13057940399242063 -3.5909336097943374 -1.1438727041746184 -2.618026913066592 -1.1438727041981127 -2.6180269130842833
363 3267 0 0 0 0.13604812474268302 0.1305794039905013 -3.5909336097420472 -1.1438727041160757 -2.618026912995976 -1.1438727041599583 -2.618026913002549
364 3276 0 0 0 0.13604812471914568 0.13057940398890555 -3.5909336096957274 -1.1438727037723981 -2.61802691261068 -1.1438727038275163 -2.618026912608676
365 3285 0 0 0 0.1360481247326567 0.1305794039894658 -3.5909336097121787 -1.1438727039601595 -2.6180269128164038 -1.1438727040124084 -2.61802691283458
366 3294 0 0 0 0.1360481247276128 0.13057940399019793 -3.5909336097335154 -1.1438727039032184 -2.618026912741854 -1.1438727039573933 -2.618026912745206
367 3303 0 0 0 0.13604812472530992 0.13057940400145018 -3.590933610043032 -1.1438727037959875 -2.618026912743971 -1.1438727038486203 -2.6180269127417017
368 3312 0 0 0 0.13604812474180525 0.13057940400816495 -3.590933610228348 -1.1438727039941259 -2.618026913030204 -1.1438727040295362 -2.618026913041992
369 3321 0 0 0 0.13604812472871508 0.1305794040033338 -3.5909336100920677 -1.1438727038394705 -2.6180269127992783 -1.1438727038868468 -2.6180269128017533
370 3330 0 0 0 0.13604812473065545 0.1305794040054081 -3.590933610150213 -1.1438727038378347 -2.618026912826598 -1.1438727038820427 -2.6180269128479883
371 3339 0 0 0 0.13604812473746647 0.13057940400476342 -3.590933610137937 -1.1438727039350467 -2.6180269129390346 -1.1438727039953096 -2.6180269129526597
372 3348 0 0 0 0.1360481247437149 0.1305794039980763 -3.590933609952978 -1.1438727040764334 -2.6180269130255813 -1.143872704127225 -2.618026913040471
373 3357 0 0 0 0.13604812472674538 0.13057940400264056 -3.590933610076567 -1.1438727038068133 -2.618026912758091 -1.1438727038621603 -2.6180269127649756
374 3366 0 0 0 0.13604812473774458 0.1305794040077164 -3.5909336102161697 -1.143872703952332 -2.618026912955412 -1.1438727040037668 -2.6180269129536113
375 3375 0 0 0 0.13604812473149985 0.13057940400465987 -3.590933610131778 -1.1438727038898868 -2.6180269128384057 -1.1438727039430217 -2.618026912835428
376 3384 0 0 0 0.1360481247394139 0.13057940400596585 -3.590933610167518 -1.1438727039848111 -2.6180269129693223 -1.143872704033271 -2.618026912978089
377 3393 0 0 0 0.13604812475686712 0.13057940400559107 -3.590933610156138 -1.1438727042416563 -2.6180269132506617 -1.143872704270871 -2.618026913274143
378 3402 0 0 0 0.1360481247606221 0.13057940400387724 -3.5909336101097717 -1.1438727042931585 -2.6180269133092735 -1.1438727043194095 -2.618026913340195
379 3411 0 0 0 0.1360481247648614 0.13057940400369686 -3.5909336101067844 -1.1438727043546044 -2.618026913373728 -1.1438727043844295 -2.618026913407235
380 3420 0 0 0 0.13604812476130795 0.13057940400372595 -3.5909336101089635 -1.1438727043032297 -2.6180269133131464 -1.1438727043431158 -2.6180269133435434
381 3429 0 0 0 0.13604812475115982 0.13057940400342946 -3.590933610099669 -1.1438727041630374 -2.6180269131521356 -1.143872704210349 -2.6180269131697393
382 3438 0 0 0 0.1360481247425007 0.13057940400530163 -3.590933610148859 -1.143872704020223 -2.618026913021744 -1.1438727040721426 -2.618026913034371
383 3447 0 0 0 0.13604812474397965 0.1305794040064729 -3.5909336101789306 -1.1438727040306764 -2.6180269130488703 -1.1438727040791343 -2.618026913065399
384 3456 0 0 0 0.1360481247436193 0.13057940400725368 -3.5909336102006675 -1.1438727040237406 -2.618026913049712 -1.1438727040754668 -2.6180269130588507
385 3465 0 0 0 0.13604812474385436 0.13057940400893384 -3.5909336102473293 -1.1438727040208214 -2.618026913059788 -1.1438727040725347 -2.6180269130647096
386 3474 0 0 0 0.1360481247450931 0.13057940400668597 -3.5909336101847305 -1.1438727040540162 -2.6180269130770824 -1.1438727041010173 -2.618026913080598
387 3483 0 0 0 0.13604812474317757 0.13057940400755103 -3.5909336102069185 -1.1438727040287693 -2.618026913048062 -1.1438727040702736 -2.618026913049103
388 3492 0 0 0 0.13604812474412964 0.13057940400968338 -3.5909336102666076 -1.1438727040282632 -2.618026913068958 -1.1438727040770098 -2.618026913067443
389 3501 0 0 0 0.1360481247491227 0.13057940401415505 -3.5909336103888063 -1.143872704075266 -2.6180269131693388 -1.1438727041218635 -2.618026913161355
390 3510 0 0 0 0.13604812475353215 0.13057940401535562 -3.5909336104200578 -1.143872704130751 -2.6180269132433116 -1.1438727041694405 -2.618026913242056
391 3519 0 0 0 0.13604812475200626 0.1305794040135914 -3.5909336103693947 -1.1438727041275054 -2.6180269132144853 -1.1438727041588335 -2.6180269132113088
392 3528 0 0 0 0.136048124750486 0.13057940400692566 -3.5909336101853317 -1.1438727041421881 -2.61802691317019 -1.1438727041723964 -2.6180269131708704
393 3537 0 0 0 0.13604812474822614 0.13057940400713472 -3.590933610191278 -1.1438727041051107 -2.6180269131324367 -1.1438727041395431 -2.6180269131335097
394 3546 0 0 0 0.1360481247548798 0.13057940400934115 -3.5909336102505027 -1.1438727041920849 -2.618026913257522 -1.1438727042218129 -2.6180269132506755
395 3555 0 0 0 0.136048124770182 0.13057940400919832 -3.590933610247113 -1.143872704417975 -2.6180269135082326 -1.1438727044378332 -2.6180269135054925
396 3564 0 0 0 0.13604812477152603 0.13057940400750356 -3.59093361020201 -1.1438727044413546 -2.61802691352444 -1.1438727044645445 -2.618026913523752
397 3573 0 0 0 0.1360481247825269 0.13057940400964008 -3.5909336102600133 -1.1438727045723063 -2.6180269137235763 -1.14387270458872 -2.618026913724161
398 3582 0 0 0 0.13604812478717768 0.13057940401055623 -3.590933610284181 -1.1438727046359471 -2.6180269138076886 -1.1438727046457593 -2.618026913806354
399 3591 0 0 0 0.13604812479283085 0.1305794040015137 -3.5909336100371565 -1.1438727047724282 -2.6180269138777432 -1.1438727047824864 -2.618026913872898
400 3600 0 0 0 0.13604812478793196 0.1305794039901831 -3.5909336097256856 -1.1438727047662365 -2.6180269137643006 -1.1438727047871275 -2.6180269137569234
401 3609 0 0 0 0.13604812479650671 0.13057940399087653 -3.5909336097445066 -1.143872704875611 -2.618026913910577 -1.1438727048913853 -2.6180269139085546
402 3618 0 0 0 0.13604812478557887 0.13057940399627224 -3.5909336098926286 -1.1438727046809678 -2.6180269137453323 -1.143872704701851 -2.618026913742351
403 3627 0 0 0 0.13604812479475697 0.1305794039982313 -3.590933609949482 -1.143872704810816 -2.618026913900227 -1.1438727048321895 -2.6180269138945436
404 3636 0 0 0 0.13604812478658235 0.13057940399796214 -3.590933609943837 -1.143872704688123 -2.6180269137705303 -1.1438727047139365 -2.6180269137621544
405 3645 0 0 0 0.13604812479099596 0.13057940399846468 -3.5909336099578857 -1.1438727047531219 -2.61802691384387 -1.1438727047736807 -2.6180269138357986
406 3654 0 0 0 0.13604812481049483 0.13057940399317033 -3.5909336098126357 -1.143872705063267 -2.618026914155385 -1.1438727050742643 -2.6180269141493024
407 3663 0 0 0 0.13604812481324483 0.13057940398966278 -3.5909336097157367 -1.143872705116638 -2.618026914189846 -1.1438727051248971 -2.6180269141918164
408 3672 0 0 0 0.13604812482001938 0.13057940398617054 -3.590933609618887 -1.1438727052381437 -2.6180269142915824 -1.143872705235244 -2.6180269142968715
409 3681 0 0 0 0.1360481248143682 0.13057940398766568 -3.590933609661957 -1.1438727051493616 -2.618026914199622 -1.1438727051497355 -2.6180269142048473
410 3690 0 0 0 0.13604812482503345 0.1305794039840183 -3.590933609562491 -1.1438727053179887 -2.618026914365084 -1.1438727053107194 -2.6180269143785977
411 3699 0 0 0 0.13604812482050185 0.13057940398734874 -3.5909336096558326 -1.1438727052373598 -2.618026914298332 -1.1438727052366182 -2.6180269143070447
412 3708 0 0 0 0.1360481248102107 0.1305794039904968 -3.590933609740235 -1.143872705071836 -2.6180269141381753 -1.143872705076781 -2.6180269141420798
413 3717 0 0 0 0.1360481248202162 0.13057940398896015 -3.5909336096985482 -1.1438727052219322 -2.618026914305096 -1.143872705221049 -2.6180269143079107
414 3726 0 0 0 0.13604812482425443 0.1305794039894416 -3.590933609713019 -1.1438727052732443 -2.6180269143742723 -1.1438727052726696 -2.6180269143773107
415 3735 0 0 0 0.1360481248238882 0.13057940398749088 -3.590933609659728 -1.1438727052757902 -2.6180269143643677 -1.1438727052791975 -2.618026914365585
416 3744 0 0 0 0.13604812481825557 0.13057940398476872 -3.5909336095825273 -1.1438727052129336 -2.618026914264934 -1.143872705217321 -2.6180269142637846
417 3753 0 0 0 0.1360481248239489 0.13057940398684753 -3.5909336096404996 -1.1438727052817927 -2.618026914364769 -1.1438727052825706 -2.618026914365807
418 3762 0 0 0 0.13604812482408016 0.13057940398387238 -3.590933609558522 -1.1438727053015014 -2.6180269143603048 -1.143872705303522 -2.618026914358769
419 3771 0 0 0 0.13604812482383646 0.13057940398461904 -3.590933609578402 -1.1438727052930961 -2.618026914359153 -1.1438727052937536 -2.618026914358365
420 3780 0 0 0 0.1360481248201936 0.1305794039823266 -3.5909336095144426 -1.1438727052556017 -2.6180269142908195 -1.1438727052550655 -2.6180269142918586
421 3789 0 0 0 0.13604812482261272 0.13057940398240273 -3.590933609516465 -1.1438727052903144 -2.618026914331387 -1.1438727052870128 -2.6180269143334485
422 3798 0 0 0 0.1360481248195735 0.13057940398374548 -3.59093360955406 -1.1438727052393802 -2.618026914284142 -1.1438727052393483 -2.6180269142846644
423 3807 0 0 0 0.13604812481847312 0.13057940398421092 -3.590933609566673 -1.1438727052217215 -2.6180269142671952 -1.1438727052211513 -2.618026914267815
424 3816 0 0 0 0.1360481248182321 0.13057940398602422 -3.590933609616493 -1.143872705207863 -2.618026914269675 -1.14387270520732 -2.618026914268884
425 3825 0 0 0 0.13604812482110365 0.13057940398538043 -3.5909336095984608 -1.1438727052516453 -2.618026914316194 -1.1438727052488997 -2.6180269143165114
426 3834 0 0 0 0.1360481248200115 0.13057940398571974 -3.5909336096078115 -1.1438727052351796 -2.6180269142988886 -1.1438727052336237 -2.618026914297881
427 3843 0 0 0 0.13604812482125464 0.13057940398552334 -3.5909336096020996 -1.1438727052545645 -2.6180269143195516 -1.1438727052519548 -2.6180269143181905
428 3852 0 0 0 0.1360481248212727 0.13057940398366652 -3.590933609550989 -1.1438727052640725 -2.618026914315231 -1.143872705263247 -2.6180269143133335
429 3861 0 0 0 0.1360481248222895 0.13057940398373838 -3.590933609552988 -1.1438727052791395 -2.618026914331618 -1.143872705276672 -2.6180269143306694
430 3870 0 0 0 0.13604812482155282 0.13057940398343712 -3.590933609544381 -1.143872705271488 -2.6180269143185106 -1.1438727052696924 -2.618026914316783
431 3879 0 0 0 0.13604812481984013 0.13057940398376927 -3.5909336095537836 -1.1438727052454054 -2.6180269142905592 -1.143872705245101 -2.6180269142882526
432 3888 0 0 0 0.13604812481849035 0.13057940398280588 -3.5909336095269677 -1.1438727052319368 -2.618026914265465 -1.1438727052326187 -2.6180269142628054
433 3897 0 0 0 0.1360481248195881 0.1305794039823834 -3.5909336095155333 -1.1438727052509556 -2.6180269142829617 -1.1438727052511979 -2.618026914279836
434 3906 0 0 0 0.1360481248199579 0.13057940398316367 -3.5909336095371795 -1.1438727052518316 -2.618026914291829 -1.1438727052517474 -2.6180269142881505
435 3915 0 0 0 0.13604812482120035 0.13057940398236012 -3.590933609515465 -1.143872705273295 -2.6180269143094543 -1.1438727052728268 -2.6180269143072605
436 3924 0 0 0 0.1360481248207521 0.13057940398276535 -3.590933609526728 -1.1438727052633282 -2.6180269143027464 -1.1438727052629403 -2.6180269143017045
437 3933 0 0 0 0.1360481248199532 0.1305794039836708 -3.59093360955122 -1.14387270524728 -2.61802691429204 -1.1438727052467055 -2.618026914290451
438 3942 0 0 0 0.13604812481932124 0.13057940398460952 -3.590933609576906 -1.1438727052328443 -2.618026914283794 -1.1438727052321878 -2.6180269142824604
439 3951 0 0 0 0.13604812481832151 0.13057940398549056 -3.590933609601018 -1.1438727052136206 -2.6180269142698034 -1.1438727052126132 -2.618026914268475
440 3960 0 0 0 0.1360481248182858 0.1305794039856085 -3.5909336096040305 -1.1438727052128652 -2.618026914269213 -1.1438727052116822 -2.618026914267846
441 3969 0 0 0 0.13604812481954043 0.13057940398595766 -3.5909336096135416 -1.1438727052286144 -2.6180269142911547 -1.143872705226 -2.6180269142906374
442 3978 0 0 0 0.13604812481782952 0.13057940398555412 -3.590933609602494 -1.1438727052061752 -2.6180269142609065 -1.1438727052054496 -2.618026914260207
443 3987 0 0 0 0.13604812481952955 0.1305794039848732 -3.5909336095839017 -1.1438727052341884 -2.618026914288075 -1.143872705232821 -2.6180269142869683
444 3996 0 0 0 0.13604812481944645 0.13057940398476742 -3.5909336095809397 -1.1438727052338418 -2.6180269142861023 -1.1438727052323547 -2.6180269142853083
445 4005 0 0 0 0.13604812481984918 0.13057940398514556 -3.590933609591533 -1.1438727052374706 -2.618026914293812 -1.1438727052360775 -2.6180269142930013
446 4014 0 0 0 0.13604812481992729 0.13057940398475368 -3.5909336095807025 -1.1438727052403772 -2.6180269142936976 -1.143872705238488 -2.618026914293699
447 4023 0 0 0 0.13604812482081738 0.13057940398447976 -3.590933609573274 -1.1438727052547903 -2.6180269143080346 -1.1438727052524298 -2.6180269143079613
448 4032 0 0 0 0.1360481248203229 0.13057940398475873 -3.590933609580962 -1.1438727052461806 -2.618026914300634 -1.143872705243851 -2.6180269143003985
449 4041 0 0 0 0.1360481248207914 0.13057940398465415 -3.5909336095779176 -1.1438727052536182 -2.618026914308607 -1.143872705251029 -2.618026914307924
450 4050 0 0 0 0.13604812482070872 0.13057940398447135 -3.5909336095728004 -1.1438727052539033 -2.6180269143066943 -1.143872705251256 -2.61802691430583
451 4059 0 0 0 0.13604812482064393 0.13057940398431914 -3.5909336095686832 -1.143872705253648 -2.6180269143049903 -1.1438727052509279 -2.6180269143045574
452 4068 0 0 0 0.13604812482056775 0.13057940398423684 -3.590933609566531 -1.1438727052528521 -2.6180269143032877 -1.1438727052499842 -2.61802691430319
453 4077 0 0 0 0.13604812482073658 0.130579403984384 -3.590933609570577 -1.1438727052542799 -2.6180269143064425 -1.1438727052512845 -2.6180269143064963
454 4086 0 0 0 0.13604812482052234 0.13057940398406617 -3.5909336095618123 -1.1438727052531523 -2.6180269143018737 -1.1438727052502782 -2.6180269143019843
455 4095 0 0 0 0.13604812482056058 0.13057940398411264 -3.5909336095631303 -1.143872705253324 -2.618026914302592 -1.1438727052504774 -2.6180269143027965
