% # columns="iter, evals, sigma, 0, fitness, xbest" seed=157426, Tue Jul  7 12:43:13 2020, <python>{}</python>
1 9 0.0894880850060539 0 1480.1980100029232 21.832156746717395 19.93924620728384 -429.96224321849627 139.07240224443484 -332.2417280944004 139.3582258087523 -332.01470847104315
2 18 0.08405204507020478 0 1054.2280972745116 21.830845978681207 19.956967917876504 -429.86242888408174 139.14990826315494 -332.36255881224804 139.3337790670622 -331.95697840747073
3 27 0.0779317156892366 0 1599.0216777438548 21.84287892094138 19.944958232494745 -429.89001199030497 138.99696928902256 -331.9866067721893 139.14725820783994 -332.0779880172785
4 36 0.07329753080820801 0 1620.2173095456449 21.831589881665206 19.93395008618827 -429.94946194031894 139.01252574029462 -332.33540840992157 139.38867860636427 -331.93525298156084
5 45 0.06798905495405791 0 905.7113746611711 21.830184358961557 19.960459506174306 -429.85449390691207 138.94638569864767 -332.30131771984196 139.2320341488484 -332.0036228407968
6 54 0.06264193870455027 0 615.5721028395288 21.801471582500703 19.97478598623683 -429.79446641476903 138.98415137496158 -332.20358126866853 139.24532399644235 -331.9152007361682
7 63 0.05991169974073619 0 653.4580904954021 21.80019180756783 19.99397315144001 -429.8960106377478 138.94504021844705 -332.3459227695185 139.35064765047784 -332.0419105291961
8 72 0.06304828048557996 0 777.7635219328042 21.82632541161904 19.95126177006509 -429.79509226734103 139.00810914370646 -332.4423827243066 139.36840420437215 -332.06670053953076
9 81 0.0594993241870715 0 1703.578944199122 21.818561176335344 19.91500688863761 -429.81141763385256 139.0652050189213 -332.3464169336627 139.32172525721052 -332.0388360607061
10 90 0.055533059545396904 0 1913.580223940817 21.835957706834247 19.915705481576893 -429.8284424129973 139.00987904289818 -332.45815466829686 139.26637478915367 -332.0216891780062
11 99 0.05224592256898082 0 1573.2338271807037 21.821773386444587 19.919221436757528 -429.8337560160824 139.07289008003775 -332.3844150271097 139.33668233878376 -331.96641578189804
12 108 0.05604738539218943 0 768.480653550345 21.846151095005975 19.98699050407064 -429.8392605616835 139.00874835888325 -332.51501685668694 139.3537202811968 -331.9861483436322
13 117 0.05245823555416203 0 594.7359922751295 21.81736681003652 19.96034837108439 -429.7873857993381 138.9789596404639 -332.4754167143192 139.34534404926316 -331.9547366995434
14 126 0.04743583684021439 0 525.2653670322946 21.833285847280827 19.97362883876705 -429.79749025530134 139.02445892188342 -332.43737786151326 139.30018219159345 -332.08220537616825
15 135 0.04374366498807393 0 902.6967658264471 21.844802703837672 19.969701741431994 -429.78125423898524 139.02227478347532 -332.5067069949815 139.3515854904362 -332.03149797763456
16 144 0.03914385546241311 0 284.63038002438924 21.82163765587414 19.995323927195045 -429.7565475104078 139.00240285741705 -332.45009160659134 139.28234719214527 -332.0738641746424
17 153 0.03572858034752856 0 572.5760419523453 21.809131954988683 19.97580738383015 -429.7799941708813 139.0797914577135 -332.44939031216103 139.3566585856929 -331.9961774541299
18 162 0.03488419944587302 0 240.94563511478398 21.82831374761735 19.98874283675884 -429.79386045111835 138.98282774668422 -332.4169943267572 139.31185362903818 -332.0290605216537
19 171 0.03508959469509838 0 185.82074757251658 21.81954394125022 19.98471571642155 -429.7958392564426 138.98883605835474 -332.36778034161307 139.30700360410015 -332.0016484311287
20 180 0.033439490755187984 0 318.99563967747054 21.817814528469263 19.984112389446214 -429.7568528822084 138.97034592793042 -332.42868818732046 139.32538451011945 -332.06284554138455
21 189 0.03313856725734067 0 225.7962789098523 21.824771467299104 19.98238932487495 -429.7517780372818 138.96130326620414 -332.3861168096537 139.27455372335163 -332.0461131148359
22 198 0.036328252901685766 0 227.50840404419534 21.818111046791994 19.986881209514035 -429.7199112069424 139.06957108529048 -332.42784025072154 139.32313566510402 -332.07226606386064
23 207 0.03914361556059875 0 265.5382764597951 21.82532148658162 19.97218559706894 -429.6497483198071 139.039383804413 -332.4612212652805 139.32228776859944 -332.08166556836676
24 216 0.04423422924941054 0 177.9509161231521 21.829868243316522 19.980297948941537 -429.61930954941386 139.11354561592796 -332.56959605347157 139.3378497522813 -332.1000555105167
25 225 0.0447590254698403 0 270.76200416029013 21.821311032484815 19.986773206005104 -429.6482516389821 138.94599497211797 -332.4487056688622 139.2690751868994 -332.1031665644165
26 234 0.042420323551282835 0 355.8919679941085 21.813181581244837 19.9893160061975 -429.7307733752443 139.02450466056584 -332.40052335641997 139.26256478471237 -332.07278821767534
27 243 0.03588142735014226 0 154.61447503361413 21.8239912905583 19.980928580871588 -429.672694572914 139.00863114584516 -332.4489074355768 139.27538521488 -332.0805140600076
28 252 0.03302136692415461 0 174.11672319869191 21.823116410816723 19.97891098745204 -429.66567280037236 139.0222255514508 -332.4178165797637 139.23760645956747 -332.0827525257544
29 261 0.03137220264440079 0 187.1613261026519 21.82386835019434 19.98810049406487 -429.6878739716513 139.00152571525092 -332.37983424037265 139.25903094160188 -332.0299702198363
30 270 0.029739733929282662 0 210.734546446941 21.824807572118996 19.976463012003638 -429.6033804447906 139.0087985101013 -332.4351479230507 139.26979007302648 -332.05258100416796
31 279 0.02944800042611347 0 163.288562926762 21.820001341187925 19.983264658396504 -429.6264081611117 139.02590680091862 -332.4512475600438 139.30658773667028 -332.03850645788657
32 288 0.02744320627653003 0 172.48545091104944 21.82018871150283 19.98103755070638 -429.63711619077714 139.01489470266867 -332.4736842542718 139.30426481572763 -332.03044626107385
33 297 0.02886275932362238 0 305.37328578319557 21.827685351169436 19.98256196545463 -429.58356138488944 138.99148705153937 -332.49526456222435 139.31410346109655 -331.99914767510523
34 306 0.030153784914101055 0 232.83828888160713 21.82666719735819 19.985270240503862 -429.67229722590804 138.9560105864937 -332.4213244125219 139.2852868717979 -332.0172754878337
35 315 0.029767444762882247 0 172.19955525650158 21.82316576021669 19.981500843143998 -429.63644221060633 138.94769044841712 -332.3514627249343 139.27456567377487 -332.0082250978972
36 324 0.026496228399997577 0 143.53073548095787 21.823714579380034 19.98076678903076 -429.6488842070308 139.0145912435123 -332.4106985029466 139.28765247247628 -332.0436134371574
37 333 0.023855278962627045 0 146.15791511361869 21.82188643922478 19.987186444439104 -429.6906575479416 138.98570484847784 -332.3597933917487 139.27446163316364 -332.0024255908117
38 342 0.022296274209435515 0 186.21188047966265 21.820669807670342 19.976972494713117 -429.6038846018426 139.02015551571805 -332.4375759042714 139.30370554492364 -332.02500137598605
39 351 0.02105365617396419 0 164.9838871499298 21.823393567765198 19.98033479224254 -429.6191555480734 138.95789587971103 -332.36529201251483 139.3005877969466 -332.0117796370904
40 360 0.020267510668022563 0 183.95204937148145 21.820456662958332 19.98670811741486 -429.62063766997613 139.0060239948203 -332.38352275167836 139.29491062225088 -332.0129449997361
41 369 0.017997979553243965 0 150.80867911238295 21.823328513342727 19.97936108204973 -429.6001458133623 138.99814354499932 -332.4118196228987 139.2926191326498 -332.02490936497026
42 378 0.017650131241799972 0 99.20815869262888 21.821206782781587 19.98118742909079 -429.60767853884164 138.98966152404262 -332.406284364779 139.30411945400724 -332.00432875747686
43 387 0.016020238298705088 0 114.28463308947867 21.822565645910963 19.98062629098192 -429.6038140271748 138.982865732837 -332.4384904314047 139.3059597520804 -332.02733253422923
44 396 0.013712487963768873 0 118.70196800263116 21.822250007611533 19.983626475011278 -429.62216594540627 138.98818654046877 -332.42343926806177 139.2983970282134 -332.02554199104975
45 405 0.013318083012632088 0 97.84110014498452 21.821485559876095 19.980288191126217 -429.59804186394086 138.9921004979978 -332.3860618667483 139.31351700022677 -332.0124407205698
46 414 0.012589389301246603 0 123.72313488553173 21.821286417130306 19.980141057101967 -429.60653667913516 138.98575377743958 -332.3804783775056 139.29129893572656 -332.031258400427
47 423 0.013325171384636136 0 90.95335616958525 21.822512325068452 19.98094402620026 -429.59726602771354 139.00617688761739 -332.38400078883217 139.2999768468861 -332.0264702972222
48 432 0.0122478493427584 0 103.91759468748891 21.822077194274932 19.98202170763426 -429.6232067676789 138.96519667283937 -332.3776639219246 139.29724083981972 -332.01811766816445
49 441 0.011246503918230934 0 107.96692641042964 21.82155914755246 19.98116085610757 -429.60319887044676 138.9698623392043 -332.4032371521256 139.3003294160108 -332.02738908859436
50 450 0.01098775062560963 0 116.76524365080938 21.822809964496948 19.982172078984966 -429.6102994965552 138.95893060409233 -332.3740142902967 139.2887124715647 -332.02594592646346
51 459 0.012030004691692592 0 106.98299908695388 21.82204942402451 19.98101565331969 -429.61061917060044 138.93962753367552 -332.36450854703753 139.29780150960164 -332.02401829818893
52 468 0.011747048799439356 0 97.27361361974553 21.821936943870366 19.983456856656403 -429.62906743476054 138.9609280818191 -332.3636425183805 139.30140466680947 -332.0238716935915
53 477 0.011646946089314193 0 107.46767226272588 21.822818698934487 19.97971051530541 -429.60200674023923 138.9805109286427 -332.3692115556039 139.29957582213393 -332.0397365320118
54 486 0.011572924575131222 0 100.40569050577508 21.822396570945184 19.98264493867105 -429.62035924942495 138.96965765290344 -332.38163696175167 139.29774441068753 -332.04134878860475
55 495 0.01031273208797582 0 96.49923936753106 21.822276863844905 19.981651058541157 -429.61586940055935 138.96197522069497 -332.3729870151476 139.29906935811093 -332.0271625151749
56 504 0.010134935434687013 0 99.7595251199614 21.821969061381164 19.9832177733482 -429.62790004738264 138.97873646998212 -332.40383024554 139.30083852643125 -332.0272889694766
57 513 0.0095171417532377 0 105.97121180688681 21.82331241091579 19.98173495390314 -429.61552035730506 138.9568085157822 -332.4071118976851 139.29133366293564 -332.0467412411158
58 522 0.00930243484162265 0 86.67389318910996 21.822117465426068 19.9817290380803 -429.60705352185533 138.98243603164576 -332.3894225968268 139.28779935587184 -332.0359105933293
59 531 0.008860997382819414 0 99.39969948200066 21.82174707484241 19.98076823568169 -429.60657915874117 138.97895694347025 -332.3933889499833 139.28456348443012 -332.02801379924466
60 540 0.007393968433512973 0 88.96649643102789 21.82174995600195 19.98197948214046 -429.62060800424644 138.9760097321662 -332.3763811509091 139.29773919173434 -332.02374309135763
61 549 0.007846360565640092 0 88.45116353013594 21.8217081718047 19.983129097221067 -429.6369702969362 138.94892466387608 -332.3704378612829 139.29620982911044 -332.0202359209279
62 558 0.006897584661729486 0 93.85613767965692 21.822035390565834 19.98286650061023 -429.62611970240215 138.97338518921904 -332.3807280052391 139.2910962858959 -332.0346706775084
63 567 0.0062350792194723935 0 87.91470230682872 21.82185939084093 19.982336213105132 -429.62187612937345 138.96787790269198 -332.3765796539081 139.2888447031167 -332.0304726925108
64 576 0.005729260739495654 0 84.0239307421492 21.82200496144356 19.982923929672413 -429.63179624863784 138.9668785687043 -332.3710739189397 139.28854985406548 -332.0314275062148
65 585 0.006072109918324852 0 79.91141466407768 21.82260378870158 19.98307317165627 -429.63538026497235 138.98415400580546 -332.38246201181954 139.28404252963514 -332.04245935442725
66 594 0.006570939872799601 0 84.64172863538751 21.822731640483788 19.98288895757804 -429.6319695014983 138.97586193863106 -332.372211543737 139.28462453682894 -332.0409190691807
67 603 0.007074347054888726 0 78.88104401405681 21.822775829659246 19.982571976614672 -429.6281957300927 138.9920438072532 -332.3721688439198 139.27436549917772 -332.04855210460585
68 612 0.006854071061130387 0 81.69053479360257 21.822722062502898 19.982795083157704 -429.63811472484434 138.99448858587914 -332.37367363289366 139.27646196232527 -332.0497610803423
69 621 0.0063253347123716 0 79.46427177382131 21.822672623401502 19.982711885496325 -429.6287460313706 138.98277986245864 -332.370731583258 139.2867556567683 -332.04147212714054
70 630 0.006513695667917148 0 82.71409632732554 21.822723683705327 19.98314804721563 -429.6388913258518 138.98070582274158 -332.36522271917073 139.29260604424158 -332.0370809933976
71 639 0.006450215673724195 0 78.87171748225758 21.82254739478843 19.98310545230465 -429.64075240542024 138.99418408362138 -332.36327546839397 139.2857247901186 -332.04440281185396
72 648 0.006329235065616615 0 71.20472262195925 21.823249896188642 19.98289401573865 -429.6344923025952 139.00871942551663 -332.37126984584967 139.27750240813063 -332.0572138180873
73 657 0.006154865845046181 0 75.50011697218767 21.823478141323832 19.982795399224155 -429.63397426861184 138.99870301777705 -332.3658914126199 139.282592524378 -332.05814827466804
74 666 0.005933936495104392 0 73.557479207717 21.823627702175774 19.9826398950249 -429.626717299395 139.0053580003917 -332.37223372290254 139.2731226345986 -332.06401652864935
75 675 0.005856280487409875 0 73.50346671723794 21.823086700722232 19.9834839031829 -429.6478254094388 139.00510498504164 -332.36617430903027 139.27056472499171 -332.0591895614105
76 684 0.005826768503523478 0 70.62953536477261 21.823585967519453 19.982490274885265 -429.62808390166686 139.02111630078366 -332.37459472219933 139.27709205343885 -332.06323092172624
77 693 0.00635540073179523 0 68.24430650564301 21.823596223449847 19.983436445765264 -429.64559989388823 139.02034587941824 -332.36076139694944 139.2677226819388 -332.0701305191356
78 702 0.0072097207132315495 0 68.33014340870717 21.823920001018497 19.983169046361876 -429.6359601895835 139.0426796717916 -332.37701440412104 139.26243369499028 -332.0794054540313
79 711 0.00786089859380464 0 60.40291345417409 21.82425451780432 19.982814293111474 -429.6309826210794 139.05293275447565 -332.37290315927277 139.26586687921002 -332.0818931401449
80 720 0.008439197319268758 0 62.13839695223077 21.82421181195852 19.982873898942398 -429.63705421141685 139.04327956266735 -332.3533519942661 139.26198807418098 -332.08258746089956
81 729 0.008522594170287506 0 67.71320631251916 21.823669494191787 19.98380078544921 -429.65017987443554 139.036637356586 -332.3350777557851 139.26221244097806 -332.0806079201686
82 738 0.009614217716918397 0 55.4395900004153 21.824546648030974 19.98321438390645 -429.6414614526563 139.05446684058853 -332.3324366483015 139.24873444088112 -332.09637823196186
83 747 0.010373267028632067 0 56.121248410546855 21.82453809563312 19.98350176500933 -429.65083635482347 139.02667523198934 -332.31221160252915 139.25593665601684 -332.0895130130821
84 756 0.011531913976676227 0 40.93527044100981 21.825495231476317 19.983964671311877 -429.6550413223296 139.05620695587788 -332.2989019895128 139.24903495985336 -332.1094084741929
85 765 0.01370703693513546 0 40.889811211011306 21.826678114091287 19.983513673303488 -429.6385024691548 139.10674848058667 -332.2994871646214 139.22146638631142 -332.1372117110282
86 774 0.01444366961977395 0 41.450108145429745 21.82580849788014 19.984841671614415 -429.66845783627207 139.10699951627507 -332.27266663041587 139.21132373014967 -332.1424556394498
87 783 0.017714922946094194 0 16.897823985512506 21.82885738807325 19.983785896164488 -429.6457259495538 139.19375706535223 -332.26194634460796 139.19398109489688 -332.1884314653348
88 792 0.019610841218958414 0 15.235279720573162 21.828815471647456 19.98475619435833 -429.66357403718735 139.1863022315073 -332.295767527571 139.19622226872747 -332.1879790449123
89 801 0.021134798746645072 0 10.030890682197956 21.829112232685375 19.98270960172056 -429.6261258860594 139.23200770569616 -332.3214328475601 139.19324766204875 -332.1997659893116
90 810 0.022452178180528245 0 20.57566559636652 21.82677638382764 19.98541467905754 -429.6825670384319 139.19021811730266 -332.29893237258835 139.20928214895272 -332.1605930611919
91 819 0.023236427781833397 0 16.09210644218747 21.82765600460326 19.985310877008942 -429.67667749407366 139.19178123713974 -332.32743870627286 139.22962094360625 -332.15750100880183
92 828 0.02101522429297076 0 13.736070631962193 21.826864854895874 19.98533391405984 -429.6837013132899 139.20297590545417 -332.3229539789101 139.2148032750603 -332.1560326896709
93 837 0.019125273098735244 0 14.779502965429376 21.82786004028722 19.98503569703232 -429.6767511251347 139.16604935622036 -332.3014502453226 139.23241834270812 -332.1553178895416
94 846 0.018676093762078478 0 20.427976541606558 21.827724635077786 19.983183120914074 -429.6171634087869 139.2199387790756 -332.30530948197406 139.21292163196475 -332.1640314852703
95 855 0.01615117758235636 0 14.807771210703153 21.82769745547054 19.984877793025625 -429.6636971344205 139.21266070250974 -332.31602571901135 139.21919257625802 -332.16380114596177
96 864 0.015926668564270482 0 8.3299724965104 21.82699778020686 19.984225150388433 -429.65431141867833 139.22611018773515 -332.3370537359195 139.22305995647858 -332.14796034321773
97 873 0.01415943299493584 0 13.688583188678567 21.82868359029123 19.98311364302525 -429.63460584806904 139.237767842243 -332.3181330014399 139.20236464722268 -332.18303538075924
98 882 0.012732323179881298 0 6.803415084213327 21.827357548191134 19.984213758207353 -429.65664409422743 139.1990998730731 -332.3065942107187 139.20606715721763 -332.15985272121765
99 891 0.012205053760968799 0 6.0272844512719415 21.827612339512644 19.984180584266944 -429.65589112261785 139.19046435368367 -332.2897003001309 139.2047812730835 -332.1665996304558
100 900 0.01280937813418138 0 10.154775896776759 21.826909504832617 19.984233794241565 -429.66053704115745 139.1736692766373 -332.2760965581317 139.20886718940426 -332.146250084355
101 909 0.012157925305426826 0 6.626956565422538 21.826721960108994 19.983409348064672 -429.63916078990746 139.18591458864466 -332.2788168126207 139.20562404162825 -332.14842288030684
102 918 0.011944724435197257 0 7.508818105922937 21.82721500629435 19.98346134068899 -429.6416392966186 139.16874727923218 -332.26719410054477 139.20864579840628 -332.157975722973
103 927 0.01112529204036337 0 5.123652891049025 21.82665500293023 19.984350489299867 -429.6636982331364 139.1581503975858 -332.2415425309405 139.21264931577124 -332.14709761860286
104 936 0.010622444901311447 0 5.936651540927757 21.82690596238188 19.984654067045547 -429.6717356918475 139.15161968063452 -332.251027568802 139.2207074012891 -332.14539386702955
105 945 0.0109695099365712 0 6.931174307811274 21.827986173495344 19.983833046637187 -429.6575354712495 139.18230336316623 -332.2852203560117 139.22405644837687 -332.1650627124124
106 954 0.011019781773916706 0 7.478487139672941 21.8280631316762 19.984096153409034 -429.6597828658899 139.19811959040658 -332.3001352232794 139.2291133592943 -332.16087756437275
107 963 0.010932256629106026 0 4.95631540277512 21.828033339326016 19.98423079003257 -429.6605771283723 139.17895995515698 -332.26992976570904 139.21907309557398 -332.1657882742622
108 972 0.010346599520021607 0 5.686037761225489 21.82772358153273 19.9837486244699 -429.65257838244844 139.21081686539978 -332.32499173224267 139.23090282283542 -332.15543889881667
109 981 0.009283176370123639 0 7.101578798227842 21.828239874579705 19.983867964125892 -429.65560655634545 139.2023926299886 -332.30221871452835 139.21898125817575 -332.16948451378414
110 990 0.009252073655016 0 5.77111729152492 21.827807257895085 19.98525240426742 -429.6844679489321 139.1818995236695 -332.28804277875054 139.22950089587684 -332.1609645230627
111 999 0.00818394495416644 0 2.6100049357449566 21.82707184659134 19.98443321526954 -429.6653720359543 139.17121280406656 -332.27066453686723 139.21996081020592 -332.14935470859893
112 1008 0.007171185443727158 0 3.1504722254310247 21.827612192001265 19.984402539601934 -429.6634885895733 139.18241171432854 -332.2793264309013 139.21925675300452 -332.15990940639125
113 1017 0.006547031129455775 0 3.606634180181293 21.827706985248238 19.98405420579199 -429.6564004377571 139.18670670542906 -332.2790138827877 139.22450189826733 -332.1590192557458
114 1026 0.00610683790373258 0 3.621355187577783 21.82729425700505 19.98425771002789 -429.6607275925992 139.18781117940193 -332.2841274370385 139.2201733770803 -332.1540727742253
115 1035 0.005837087471287796 0 3.6695350857033113 21.82742997183321 19.9848078726434 -429.67119989163746 139.18663273693443 -332.28874463021714 139.22625383206284 -332.1533051612851
116 1044 0.0053856401070236405 0 2.1141491794296856 21.8274601380885 19.984763435371736 -429.6728389368906 139.18891193980613 -332.2941934436684 139.22967609266956 -332.1527131118283
117 1053 0.00509327130334512 0 2.959233173717 21.827687806557243 19.98474082895247 -429.670519558776 139.199122655847 -332.3089029147033 139.22958053443037 -332.1566434906515
118 1062 0.004557276206943273 0 2.129344406927525 21.827543343872254 19.98444765410066 -429.66585622043084 139.1878014815205 -332.29364601138514 139.22431304297015 -332.156366263855
119 1071 0.0039165061442653646 0 2.635168899780968 21.827453579453035 19.98466564356847 -429.6694249803432 139.18471598311535 -332.2882003355904 139.22567040838425 -332.1543482296645
120 1080 0.0035899642510714793 0 2.2308916199690483 21.827743422706465 19.984746680687365 -429.6726384661278 139.1913387052524 -332.297367263524 139.225245474501 -332.15945464125133
121 1089 0.0032795388058318897 0 1.8471966147382033 21.827495103767458 19.984983755503546 -429.6774918476852 139.1723674734493 -332.2734800668181 139.2269908053845 -332.1543335785378
122 1098 0.003017555387369485 0 2.4037896727769725 21.827863945753098 19.984722712328928 -429.67159994599183 139.19294323624842 -332.29539867065347 139.2257316164519 -332.16149265864215
123 1107 0.002671304821163523 0 2.4758235820045065 21.827724072410483 19.984739876535528 -429.67238462196707 139.18513041506188 -332.2880770541717 139.22685925290054 -332.1582164039106
124 1116 0.002588505443735531 0 2.327795906507487 21.82787638907804 19.98481166954699 -429.6735544094454 139.18812536914655 -332.28997796753896 139.2253017816498 -332.1618187525417
125 1125 0.0026073817181028703 0 1.548770018849134 21.82781115866561 19.9848559507151 -429.6743129788468 139.18605026724092 -332.29099370120673 139.2283865098579 -332.15945323126186
126 1134 0.0027587186333377094 0 2.0713924626064055 21.82770571673675 19.984445735765906 -429.6652053776368 139.187641041825 -332.2907420246386 139.2261271537793 -332.158277092415
127 1143 0.0026853685459465007 0 2.067643571079766 21.827781079270707 19.984735441217644 -429.6719818535099 139.19131414519336 -332.2980052684562 139.23033000857384 -332.1584368167901
128 1152 0.0024603609040305574 0 2.109270794807867 21.82781136799367 19.984625544818403 -429.66977422253944 139.19165111417462 -332.29949909502307 139.2283395966905 -332.15935043708555
129 1161 0.0021471722133172525 0 1.882718389901441 21.827863933243552 19.984543645465152 -429.6678289308639 139.19120903712175 -332.2954448482666 139.22714558536458 -332.160984569293
130 1170 0.00199319314761174 0 2.0619515485756574 21.82788417354263 19.98454187704998 -429.6678062529272 139.1940634011719 -332.30204736678365 139.22856075044015 -332.16084074082414
131 1179 0.002000291320077542 0 2.0366145208499744 21.82775442466288 19.98449181661803 -429.66693619007333 139.19228115141354 -332.2979095052633 139.2257971467344 -332.15971588019204
132 1188 0.0019273042507132 0 1.984166399004882 21.827679227785232 19.984476487412955 -429.6659881988046 139.19251560106923 -332.29812867639737 139.22702051663683 -332.15782317492483
133 1197 0.0017583592145921816 0 1.8244949848914154 21.827844886622014 19.98440060359469 -429.6649745147088 139.19473021082146 -332.3004624938258 139.228146408942 -332.16013758408604
134 1206 0.0016080644716055404 0 1.5649690661490312 21.82789630808604 19.98453118401215 -429.66739850734086 139.19454261030435 -332.3006540757973 139.22833193815066 -332.1610005388287
135 1215 0.0016134290019900904 0 1.618668495645369 21.827888102155537 19.984289726109015 -429.6620997330401 139.1963594243415 -332.30159993038063 139.2277606089127 -332.1610355513573
136 1224 0.001684931551522379 0 1.6254305492077128 21.827863042096723 19.98415128833928 -429.6593899936805 139.19437259350323 -332.2981388654971 139.2273612589044 -332.16074699632344
137 1233 0.0015949625693070795 0 1.6809954357374841 21.827806051409084 19.984261860517183 -429.6617751389194 139.1937205469187 -332.2981487240681 139.22587354776408 -332.16028482433524
138 1242 0.0014941484554771632 0 1.6327106216791958 21.827822817594807 19.98446455964519 -429.6659968399914 139.19173299495958 -332.2957666306851 139.22673210609662 -332.16028459298457
139 1251 0.0014657621762245226 0 1.6055354283759198 21.827720642546392 19.98463459843768 -429.66959798795597 139.18796023176935 -332.29161262216627 139.22693984268798 -332.158414489339
140 1260 0.0014295783149588118 0 1.540272778466366 21.82771775327078 19.984452847763475 -429.6657961633137 139.1891553775675 -332.29285919533567 139.2261623429554 -332.1586296629879
141 1269 0.001346623039403298 0 1.8282540547825488 21.827746956856735 19.984429953610555 -429.665239957513 139.19221312938663 -332.2959225760454 139.22587119860552 -332.1591799156233
142 1278 0.0014180151780215893 0 1.6446807309086398 21.82761501810849 19.984417479684257 -429.66486748545606 139.1907512714044 -332.2953719548257 139.2264807024342 -332.15667336298685
143 1287 0.0014543041453101006 0 1.7437180670475492 21.827692406100354 19.984644168038955 -429.66987624557635 139.18809243049287 -332.29180339445685 139.22604295297933 -332.15816629965894
144 1296 0.0014145995246227848 0 1.6664709382962337 21.827714751308164 19.984700796932646 -429.6710147907104 139.18730931845678 -332.2925321731364 139.22743393908206 -332.15815750466805
145 1305 0.0012554760482169846 0 1.4323039308765093 21.82767093527884 19.984602530056417 -429.6689533885959 139.18827937323937 -332.29255831995533 139.2265011968944 -332.157702845312
146 1314 0.0012002460779761246 0 1.6759793872605269 21.82765733753963 19.984574095733958 -429.6683543205374 139.1881250347071 -332.29238059511465 139.22532193553025 -332.1577669607811
147 1323 0.001038746721478214 0 1.426796756909398 21.827708164020823 19.984589554125233 -429.66867448042734 139.18869525020438 -332.29326083230933 139.22607686147947 -332.15853737023315
148 1332 0.000933374048193443 0 1.4827011481653019 21.82760514154589 19.984622483717988 -429.6694073477212 139.18766350280163 -332.29222925789463 139.2257771423183 -332.1568256189107
149 1341 0.0008087491377549824 0 1.5406243832412305 21.82767096785283 19.984674267465497 -429.6704982849441 139.18921727797672 -332.2943281343402 139.22593772576406 -332.1578572495894
150 1350 0.0007119409616581171 0 1.5029254158952892 21.82765800909651 19.98460673567723 -429.6690069644715 139.1879929377523 -332.2925309003294 139.226118201525 -332.1576194840018
151 1359 0.0006463086657074353 0 1.4437908515789208 21.827691565501453 19.984560022587164 -429.6680547784112 139.18894383613065 -332.2934120893135 139.225945205266 -332.15831284077007
152 1368 0.0006144890797878607 0 1.480140619056342 21.82770724794728 19.98452907697662 -429.66735385574424 139.1899552661165 -332.2946443187967 139.22583076975062 -332.1585978164008
153 1377 0.0005716329298723768 0 1.4869764995392367 21.827708381565703 19.984611969586233 -429.6692066575527 139.18891273920028 -332.29382936844485 139.22618996791843 -332.15848909237843
154 1386 0.0005541191534033995 0 1.4740512026993156 21.8277502441769 19.98461919634675 -429.6693361020846 139.18950663889754 -332.2943215015103 139.22625178860406 -332.1592170848959
155 1395 0.0005257904933712441 0 1.431254607414493 21.827741001156646 19.98456569179736 -429.6681542032743 139.19039325558293 -332.29533424636855 139.22637519096062 -332.1590060004981
156 1404 0.0005031936476682401 0 1.413953876114425 21.82773226989018 19.98459463415605 -429.6687873248954 139.1899722866832 -332.2950028483502 139.22623253726528 -332.1589068474294
157 1413 0.00042739769361932825 0 1.448863976102939 21.82771391918216 19.984528199432347 -429.66736118003354 139.19016142001286 -332.2947624565294 139.22595912504983 -332.15867782575845
158 1422 0.00038076530971836096 0 1.4168437224323223 21.827749697595717 19.984556384621428 -429.6679572177904 139.19040611606735 -332.29542310261684 139.22641319302215 -332.15914141240387
159 1431 0.00033531287071963647 0 1.4382057961249086 21.82773963119802 19.98458195232399 -429.6685204247643 139.1893603705453 -332.2939733720402 139.22646026993996 -332.15894977001614
160 1440 0.0002976457504415991 0 1.4357822405953038 21.827743129758563 19.984566827921217 -429.66820105190584 139.18998071683575 -332.2948175206579 139.22634215589565 -332.1590639986614
161 1449 0.0002736479929587947 0 1.4348187919654258 21.827736034002033 19.984599657270486 -429.66891013421707 139.1894006214166 -332.2942143234055 139.22614471675865 -332.15900715149473
162 1458 0.00026050734677857075 0 1.420576102445174 21.827735373378236 19.984562164776605 -429.66807058871586 139.18972903121767 -332.29446877602874 139.22641972563142 -332.15888455497304
163 1467 0.00023884496619141978 0 1.4120789324780028 21.82772944706067 19.984565915079475 -429.6681689863186 139.18965099426956 -332.2944013777976 139.22604629888772 -332.1589398753445
164 1476 0.0002114429214954522 0 1.4277523104560939 21.827737511072524 19.98455087907629 -429.66786382908305 139.18996924236382 -332.2947527371164 139.22616536361548 -332.159035832293
165 1485 0.0001867644259091321 0 1.4164228355341573 21.827724609886474 19.9845766214457 -429.6684030197098 139.18972541212358 -332.2945918495137 139.22623343373547 -332.1587681155791
166 1494 0.0001688185178610479 0 1.412353320446756 21.827738030623788 19.984559648926957 -429.6680247022157 139.18994364281582 -332.2947568681849 139.22620906086996 -332.1590230525205
167 1503 0.00015415221949383493 0 1.4060452921367694 21.827734421849037 19.98458503185676 -429.6685773048616 139.18963551575573 -332.2944780917987 139.2262866061506 -332.15892368444327
168 1512 0.00016056157417379977 0 1.4117396554994979 21.82772431736681 19.984594709192677 -429.66879119441955 139.18931835277385 -332.2941050641495 139.22611627830477 -332.1588110370471
169 1521 0.00014872268328405282 0 1.4094480674157466 21.82772999846509 19.984587270393785 -429.6686295362408 139.18954684893757 -332.29437199478934 139.2261861741579 -332.1588852423972
170 1530 0.00012143934517109724 0 1.4102529381782154 21.82773338004846 19.984582623473855 -429.6685268387692 139.18955428943534 -332.2943500217065 139.2261753526013 -332.1589567615433
171 1539 0.0001123330756279984 0 1.4097064473823857 21.827733391342765 19.984581721801344 -429.6685040423141 139.18942196513706 -332.29415008947257 139.22622038799372 -332.1589311122678
172 1548 9.593691327012208e-05 0 1.4095773621927095 21.82773161031689 19.984583191316283 -429.66854276448873 139.1894830880992 -332.2942660784519 139.22617862433125 -332.15892133755017
173 1557 9.067318967111789e-05 0 1.406835011568869 21.827727190596054 19.984580288774584 -429.6684761013489 139.18943320563906 -332.29415888010345 139.2262128409935 -332.1588238790651
174 1566 8.492889574979276e-05 0 1.407695868258636 21.82773099492643 19.984570665028027 -429.6682670313699 139.1896573380089 -332.2944104763317 139.22610121190567 -332.15893953656604
175 1575 8.566667994507673e-05 0 1.406575396254899 21.827730340639913 19.984568381080905 -429.66821579528084 139.18964462987879 -332.29438624402627 139.22614922903034 -332.1589083722237
176 1584 8.701771327008676e-05 0 1.4060407214102926 21.827729833772178 19.98456594375625 -429.6681700567593 139.18959334120652 -332.29429911726544 139.2261085147597 -332.1589158855711
177 1593 8.105556610811553e-05 0 1.4053102848934926 21.827727870199904 19.984579051351155 -429.6684494084683 139.18952658966643 -332.2942911551645 139.226100756994 -332.15888669845435
178 1602 7.057906192220178e-05 0 1.4048926045688575 21.827728234281278 19.984569874088486 -429.66825215569474 139.18955692496 -332.29427440817517 139.22611381322855 -332.1588840912296
179 1611 6.508267174947081e-05 0 1.4059284759947057 21.827726206280015 19.984577628837005 -429.6684200541946 139.18944477152453 -332.2941797670752 139.22615822232459 -332.1588307941992
180 1620 5.5148285360450806e-05 0 1.403955284490239 21.82772781793728 19.984568835740514 -429.6682291373058 139.18955228796435 -332.29425886323645 139.22607445093735 -332.15889546085594
181 1629 5.509083818131339e-05 0 1.4052818349460692 21.827733240915794 19.984565573471826 -429.66816122153824 139.1895840916286 -332.29428282275813 139.22608964421786 -332.15898457456547
182 1638 5.4004432151011665e-05 0 1.4046035364490808 21.82773109312848 19.984571621485212 -429.6682907171389 139.1895269594441 -332.29424471167516 139.22609647957896 -332.1589429986118
183 1647 4.829904660765634e-05 0 1.4056273628482712 21.827730779562707 19.98457062735797 -429.66826672707225 139.18953814970482 -332.2942419948551 139.2261128434933 -332.1589318880872
184 1656 4.094440871520959e-05 0 1.4036994799347258 21.82772911621439 19.984571821483314 -429.66829438958916 139.18948718096286 -332.2941837126185 139.22609812503723 -332.15890794891936
185 1665 3.740054023745646e-05 0 1.404182424447498 21.827728877543727 19.98457714787559 -429.6684089359382 139.1894115790203 -332.2941072974514 139.22607003174173 -332.15891562610386
186 1674 3.209219907129848e-05 0 1.402660325576228 21.827729202831986 19.98457940378266 -429.6684572465697 139.18943206366325 -332.2941586026624 139.22611211327023 -332.15890390523253
187 1683 2.902275718118867e-05 0 1.4035955180537045 21.827729988607643 19.984573916449584 -429.6683389236569 139.18950536188783 -332.29422307318555 139.2261281265724 -332.1589113487822
188 1692 2.769219048243188e-05 0 1.4037891721199547 21.827730124557036 19.984574029115535 -429.6683428237545 139.1895052399726 -332.29423007727536 139.22611928100324 -332.15891777834304
189 1701 2.4346100431845237e-05 0 1.402657693108207 21.827729112984606 19.98457402064621 -429.6683412606806 139.18948497071844 -332.2941995068693 139.22611956193836 -332.1588990452234
190 1710 2.1739135637931754e-05 0 1.4026004011376645 21.827730135137415 19.984571792934577 -429.6682936099628 139.1895177035763 -332.29423101558 139.2261129219599 -332.1589201344464
191 1719 2.0370659223515212e-05 0 1.4031544180059805 21.827729928360714 19.984576093845792 -429.6683859123014 139.18947965693113 -332.29420395990786 139.22612710136966 -332.1589109023749
192 1728 1.876800311070305e-05 0 1.402705945179724 21.827730586034697 19.98457355154927 -429.66833149292444 139.18950407568997 -332.29422563192134 139.2261215685474 -332.15892484345864
193 1737 1.8523587177130376e-05 0 1.4029007416449963 21.827729975226926 19.984572552986513 -429.66830975848166 139.18950739401706 -332.29422489121447 139.2261133884363 -332.15891728848436
194 1746 1.743418435155758e-05 0 1.4025530654460772 21.827729049168386 19.984575729275477 -429.6683779643095 139.18947035261834 -332.294190289878 139.22610794707546 -332.15890301966465
195 1755 1.651512445379496e-05 0 1.4023499977938048 21.82772989158959 19.98457423660218 -429.6683461446944 139.189478942035 -332.29419236248225 139.22610878076085 -332.1589176289085
196 1764 1.5170843992126184e-05 0 1.4025097154381114 21.827730451517734 19.98457396607448 -429.668340580958 139.18948060074226 -332.2941936646697 139.22611262161374 -332.1589260878091
197 1773 1.2790202558384704e-05 0 1.402582823566455 21.827730239723813 19.98457254614068 -429.66830957790427 139.189510651293 -332.2942260986246 139.2261120785166 -332.1589225832178
198 1782 1.0905464540077247e-05 0 1.4022153686872547 21.827730250675593 19.984573979207592 -429.66834055102953 139.18950425311604 -332.29422753956464 139.2261152804272 -332.15892135343313
199 1791 9.52252739893534e-06 0 1.4023578553154419 21.827729691150783 19.984574131542445 -429.6683439237154 139.1894906459943 -332.29420882208944 139.22611994323012 -332.158909361606
200 1800 8.88264315421993e-06 0 1.4024229220323252 21.827729568656284 19.984573515575697 -429.66833070753484 139.18949237492126 -332.29420712718405 139.22611380479012 -332.1589097091856
201 1809 9.91031401032707e-06 0 1.4023983953231938 21.827729554467854 19.984572120799445 -429.66830069793633 139.18951249516962 -332.29422633932705 139.22610407076968 -332.1589135507904
202 1818 1.0607385724395992e-05 0 1.4022891281415832 21.827729983014066 19.984571561333663 -429.66828857596107 139.18952633575208 -332.2942427235954 139.22610749965693 -332.1589197396767
203 1827 1.1241383896183304e-05 0 1.4022851031914922 21.827729912695244 19.98457164859481 -429.6682903512382 139.18952240277406 -332.29423751898946 139.22610337537543 -332.15892026960495
204 1836 1.1983562069677173e-05 0 1.402289515211836 21.82772890110676 19.9845714191261 -429.66828555384484 139.18951865720283 -332.29423073791753 139.2260972333781 -332.1589047887029
205 1845 1.2535643416789106e-05 0 1.40243463821153 21.827729205330765 19.984572031832027 -429.66829872837775 139.18952213994714 -332.29423942996914 139.22610638594657 -332.15890642966707
206 1854 1.3888784886522104e-05 0 1.4023908562109793 21.827728237554375 19.984572013350686 -429.66829828542524 139.18951354207258 -332.29422812852897 139.22610562507663 -332.1588893034796
207 1863 1.4285456614282227e-05 0 1.4024658510872996 21.82772872114597 19.98456999207549 -429.66825484677366 139.18954450365212 -332.2942582271446 139.22609818621922 -332.1589013223296
208 1872 1.1768926934914294e-05 0 1.402353814544593 21.827728943033524 19.98457267378013 -429.6683124940264 139.1895101668557 -332.29422752864775 139.2261040174689 -332.15890274221454
209 1881 1.0460992829468665e-05 0 1.4023701403655786 21.82772850435717 19.984572059308107 -429.6682991184179 139.18951376303937 -332.2942277632237 139.22609366551978 -332.158899147973
210 1890 9.11511717595968e-06 0 1.402270630679152 21.827728464858204 19.984571717947784 -429.6682918711867 139.18951720525013 -332.29423072216326 139.22609439238641 -332.1588981637216
211 1899 8.396720378192617e-06 0 1.4022561541197285 21.827728713012977 19.98457240309022 -429.66830670416 139.18950852731174 -332.2942232729016 139.22610015470954 -332.15890015469006
212 1908 9.180112122672453e-06 0 1.4023266454214638 21.82772870009809 19.984573313640055 -429.66832637361296 139.18948694375771 -332.29419862375676 139.22609608106717 -332.15890162984033
213 1917 8.436723672780494e-06 0 1.4022775938101881 21.827728343702947 19.984572376928682 -429.66830612238454 139.18950021458775 -332.29421078276897 139.226092544234 -332.1588967919561
214 1926 8.345818714188182e-06 0 1.4021888108550251 21.82772950210679 19.984571664673275 -429.66829073863994 139.18950807764745 -332.29421748883675 139.2260890348264 -332.15891896907436
215 1935 7.944619387716596e-06 0 1.4022392093916698 21.827729226563157 19.98457289126217 -429.6683171724775 139.1894873316834 -332.2941958410253 139.2260959534179 -332.1589110696265
216 1944 7.378165921917596e-06 0 1.4021855816145217 21.827729016927957 19.984572922131413 -429.6683178333926 139.18948362010258 -332.294190944791 139.22609422978996 -332.15890812163724
217 1953 6.651739538005663e-06 0 1.4021952912434676 21.82772892285864 19.984573072743164 -429.66832103761436 139.18949354046472 -332.2942060169519 139.2260963715254 -332.15890550068815
218 1962 5.853522911580904e-06 0 1.402205556431694 21.82772914355804 19.984571823997744 -429.6682941958972 139.18951288165297 -332.2942253879964 139.22609742022297 -332.1589089873766
219 1971 5.521830411324291e-06 0 1.4022317810392189 21.82772887565147 19.984573256905737 -429.6683250053945 139.18948672495395 -332.2941974715961 139.22609703999825 -332.1589043490458
220 1980 5.33691626943283e-06 0 1.4022353704681405 21.82772914099732 19.984574266830034 -429.6683467830886 139.1894724130783 -332.2941839712516 139.22609952107987 -332.15890811686575
221 1989 4.642823976358976e-06 0 1.4022434990169461 21.827729139702974 19.984572524934972 -429.66830925424773 139.18949983808113 -332.29421172091037 139.22609525332714 -332.1589098696717
222 1998 4.605744830728539e-06 0 1.4021670467393028 21.82772944810777 19.98457217699218 -429.66830186136656 139.18949954384811 -332.2942087574935 139.22609261769085 -332.15891647790016
223 2007 4.367224495318167e-06 0 1.4022068164798862 21.827729588272398 19.98457286359177 -429.66831657521954 139.18949019323878 -332.29419964579154 139.22609540522163 -332.15891779837705
224 2016 4.202787306009746e-06 0 1.4021418025227286 21.827729570280365 19.984572153008976 -429.66830129205795 139.18949752910828 -332.29420568147293 139.2260937193339 -332.15891818120224
225 2025 3.937753752942428e-06 0 1.4021604521510762 21.827729538485276 19.984572309717976 -429.6683046652366 139.18949661905972 -332.2942055869608 139.22609227804014 -332.15891822698137
226 2034 3.5664506045731877e-06 0 1.402118609611397 21.827729569719548 19.98457214058427 -429.6683010221386 139.18949984476123 -332.2942088854477 139.22609296970154 -332.1589185079984
227 2043 3.2433212424319416e-06 0 1.402153537953386 21.827729463531654 19.98457239880245 -429.66830659546775 139.18949623100812 -332.29420540019026 139.2260918638001 -332.1589170745822
228 2052 3.262744237801482e-06 0 1.402150381592727 21.827729286228355 19.984572267662696 -429.6683037539176 139.18949510976768 -332.29420305879984 139.22609231890934 -332.158913719107
229 2061 3.095768244395914e-06 0 1.402156968760112 21.827729448152542 19.98457249741473 -429.66830871556465 139.18949130998064 -332.2941992007297 139.2260922611146 -332.1589166337478
230 2070 3.478832248752704e-06 0 1.4021477334752854 21.82772955531184 19.98457300951585 -429.6683197377354 139.1894831691931 -332.29419090342356 139.226092181878 -332.158918586347
231 2079 3.42475600025807e-06 0 1.4021388426179169 21.827729546663203 19.984572834018135 -429.6683159481797 139.1894879946614 -332.29419659291364 139.22609351906752 -332.15891785640457
232 2088 3.452720851945377e-06 0 1.4021248465651024 21.827729722949595 19.984572454189287 -429.66830777327203 139.1894905306952 -332.29419771824666 139.22609214980605 -332.15892159981195
233 2097 3.56460568155158e-06 0 1.4021078924254438 21.827729911790826 19.984572752944633 -429.6683141862119 139.1894857633029 -332.29419290367986 139.22609267164623 -332.158924748504
234 2106 3.484403393226559e-06 0 1.4021151368400615 21.827729864631685 19.984572188125178 -429.66830204330023 139.18949508452866 -332.2942024738412 139.22609213837563 -332.15892412515575
235 2115 3.3901699061137176e-06 0 1.402103841018792 21.82772995066563 19.984572118200493 -429.6683005282559 139.1894937328283 -332.29420005619266 139.22608937267705 -332.15892682876876
236 2124 3.6206271329741106e-06 0 1.402104728426146 21.827730041932682 19.984571340846518 -429.66828380413915 139.18950206985693 -332.2942066706013 139.22608787326715 -332.15892909151376
237 2133 3.891551366054633e-06 0 1.4021042910051165 21.827730242063463 19.98457159825643 -429.66828934552893 139.18950206082965 -332.29420839842646 139.22609173003048 -332.1589310568293
238 2142 3.911148985331902e-06 0 1.4021184070170483 21.827730228988006 19.984571647452473 -429.6682903683529 139.1894939437872 -332.2941970698677 139.22608675385072 -332.1589329090471
239 2151 3.942256831134823e-06 0 1.4020966890755657 21.82773051643292 19.984571278786586 -429.668282477367 139.18950117447304 -332.2942050736955 139.22608895072722 -332.1589371134009
240 2160 4.132558589822921e-06 0 1.4020829543129931 21.827730404209714 19.98457203190699 -429.66829866115285 139.18948996733883 -332.2941940231589 139.2260875282679 -332.1589357137611
241 2169 4.257022305875478e-06 0 1.402079660408454 21.82773064716282 19.984571297882656 -429.6682828795534 139.18949795797442 -332.29420048932684 139.22608567836548 -332.1589408421167
242 2178 4.696215176902666e-06 0 1.4020806852031509 21.82773069792849 19.984570728603245 -429.6682706768831 139.18950736561584 -332.29421007941585 139.22608423664977 -332.15894234781433
243 2187 5.496799144680203e-06 0 1.4020543105702654 21.82773112315059 19.984569789763793 -429.66825049598714 139.18951799751366 -332.2942190831461 139.22607955701682 -332.15895193359665
244 2196 6.0792582613749955e-06 0 1.4020576453728963 21.82773076837186 19.984570372454296 -429.66826300695294 139.18951029506226 -332.2942120254184 139.2260781988095 -332.15894617232317
245 2205 6.9386766254310385e-06 0 1.4020293677394966 21.827731746297548 19.984569891695788 -429.6682527206173 139.18950992185785 -332.29420815950294 139.2260701371175 -332.1589670155127
246 2214 8.730942520290013e-06 0 1.4019925227874404 21.827732130908505 19.984567462148046 -429.66820040779584 139.18953585896503 -332.29422888483344 139.22605922743975 -332.1589784891962
247 2223 1.0789900594436997e-05 0 1.4019626524915973 21.827733009869533 19.984565004166384 -429.66814753017127 139.18956448407351 -332.2942533366511 139.2260495183761 -332.1589982864212
248 2232 1.385660431377039e-05 0 1.401788092010608 21.827734036615922 19.984563913355597 -429.6681240941004 139.18956854826743 -332.29425213612706 139.22603422838577 -332.15902303914066
249 2241 1.800534977561664e-05 0 1.4017890470447834 21.827735546201684 19.984563527201967 -429.66811595476827 139.18957330902768 -332.2942566103747 139.22602074652767 -332.1590557286106
250 2250 2.0341759056131982e-05 0 1.4017769748255062 21.827736360547448 19.98456250982008 -429.6680939925067 139.18957431907438 -332.29425041315284 139.22601609080724 -332.15907224016945
251 2259 2.4111222090134752e-05 0 1.4017467907864227 21.827736303453598 19.984561109198754 -429.6680639739467 139.18956117011237 -332.2942225853079 139.2259794231187 -332.1590866345213
252 2268 2.4853992101647685e-05 0 1.4017042351844646 21.827739594148674 19.98455589676271 -429.66795183344783 139.1896418055711 -332.29430256450223 139.22599072031363 -332.15914063034285
253 2277 2.6252038430553802e-05 0 1.4014699325331468 21.827738278111273 19.984558583110868 -429.66800952226686 139.18959250802803 -332.2942506387714 139.22597308874893 -332.1591245196634
254 2286 3.0598599897842875e-05 0 1.4011571037550334 21.827743087032527 19.984550969736105 -429.6678458177734 139.1896356851298 -332.29426110795845 139.22591475746432 -332.1592350665227
255 2295 3.6981855224527824e-05 0 1.400860938077251 21.827747863509774 19.984543231786216 -429.66767947124214 139.18971536087628 -332.29432326550466 139.225870168065 -332.1593391390609
256 2304 4.816131108382318e-05 0 1.4006583522169103 21.827751125228318 19.98453648672407 -429.6675343364483 139.18979576021331 -332.2943941199554 139.2258139368304 -332.1594212363208
257 2313 6.00803443132622e-05 0 1.4004295839513827 21.827752081728736 19.984537249073963 -429.6675506673377 139.1897322289523 -332.29430895157515 139.22575732083297 -332.1594619477266
258 2322 7.333885062460193e-05 0 1.3999835182712796 21.82776138157803 19.984529238528868 -429.66737849258016 139.1898542196451 -332.2944292687908 139.22576096327145 -332.15962676177963
259 2331 8.129847020945886e-05 0 1.400209167426032 21.82776827584851 19.9845247890763 -429.6672832970991 139.18988878958487 -332.2944496746634 139.22572659549553 -332.1597642182755
260 2340 8.854720252607985e-05 0 1.399381319749484 21.82777043734576 19.984521631623135 -429.6672148891815 139.18986950100097 -332.2944003179773 139.22563409564242 -332.15984186290973
261 2349 0.00010156653956941109 0 1.398971271959283 21.827776610717837 19.984488084611492 -429.66649399222877 139.19026791226324 -332.2947452737618 139.22551919650027 -332.16000039462995
262 2358 0.00010459852415752075 0 1.399115632196042 21.82777897758147 19.984474310403176 -429.6661977531387 139.19047505245146 -332.29494804782337 139.22551054676774 -332.16004630842116
263 2367 0.00012377839939128226 0 1.3976984427451782 21.82780208198257 19.984451391519098 -429.665704830673 139.19062300665001 -332.2950106555842 139.22531824880073 -332.1605401255073
264 2376 0.00014059390144241258 0 1.3968328025859083 21.827810936122127 19.98442916561858 -429.6652267173081 139.1908225585932 -332.29514378537766 139.22519316656906 -332.16075114662436
265 2385 0.00015886171069630752 0 1.3966133938773873 21.827817772603286 19.984419841625193 -429.6650257874301 139.1909192975158 -332.29522008553386 139.22517964942915 -332.16087944976385
266 2394 0.00017436433251357612 0 1.3947221914006807 21.827849835984352 19.984335864037376 -429.6632202947875 139.19190972672936 -332.2960797119075 139.2248427284622 -332.1615943753843
267 2403 0.00021549372940152633 0 1.3921041228060858 21.827881520293236 19.984269087537733 -429.6617840941611 139.1925871926326 -332.2965983101066 139.22441696328144 -332.1623393745871
268 2412 0.0002683002278280797 0 1.3909433434297023 21.827908632697984 19.984199164951917 -429.66028262986487 139.19355166919948 -332.2975099113881 139.22414792759824 -332.1629366468617
269 2421 0.0003311541642297128 0 1.386921968197413 21.82795088040572 19.984092797539827 -429.6579956319946 139.19454399626449 -332.29821830407195 139.22361729843985 -332.1639159080159
270 2430 0.0003924140797499233 0 1.3849864867210118 21.827997458942146 19.98401375820446 -429.6562949148225 139.1954317718525 -332.2989672378262 139.223157023207 -332.1649407465122
271 2439 0.0004534100008415037 0 1.3813911093476339 21.828014238735804 19.98399459620606 -429.6558835764169 139.19545637001485 -332.29887183146235 139.22282187202927 -332.1653818649049
272 2448 0.0005237118782864664 0 1.3778832502628988 21.828088260468114 19.983786261443075 -429.65140117697723 139.19727812304177 -332.30007206994816 139.22150413468765 -332.16725915260145
273 2457 0.0006523436984875418 0 1.370902613054873 21.828237922875303 19.983573005104958 -429.64681609721674 139.19971130155457 -332.30215559261757 139.22072999351596 -332.1702607813088
274 2466 0.0008747785821172548 0 1.3613318735468254 21.82835261815285 19.98312777334589 -429.63724058040464 139.20477074777833 -332.30639718097643 139.21882906223848 -332.1731092690802
275 2475 0.0011874349846332198 0 1.3513028254285901 21.828646222416825 19.98269234339022 -429.62787651828336 139.20889818989485 -332.3094204556172 139.21624491992236 -332.1794507677419
276 2484 0.0013748148417193262 0 1.3378978072247036 21.82868835535305 19.98261329313381 -429.6261787905517 139.20915102022195 -332.309236471096 139.21462283994433 -332.18088262462305
277 2493 0.0013783902865863026 0 1.345765832002089 21.82862541085406 19.982913533591766 -429.6326352202079 139.20569629179897 -332.3062828731849 139.21661171743108 -332.17891810999237
278 2502 0.0015926777172982354 0 1.3285440554220385 21.829061629741513 19.98188717150402 -429.6105692703575 139.21617668332763 -332.314441760152 139.21101005882335 -332.18907016950186
279 2511 0.0016654991620143446 0 1.33012565213479 21.829003007217946 19.981909199058567 -429.6110462319059 139.21735404766815 -332.31629743257196 139.21222988621875 -332.1875109862005
280 2520 0.0017684343399040586 0 1.3108281149491476 21.82903081293261 19.98223192991841 -429.61798661126744 139.21250833430284 -332.3114983871042 139.21207713794618 -332.18807425586044
281 2529 0.00204915082771482 0 1.3058464746389211 21.829260775825148 19.982038785842402 -429.61382785074284 139.21162555143556 -332.308964548708 139.20905187452658 -332.19345706821673
282 2538 0.0023244567825832308 0 1.3054305311936785 21.8294549408549 19.98179428042787 -429.6085726579953 139.21377789933806 -332.3104179610216 139.20693112169076 -332.1978179101065
283 2547 0.00247275465044099 0 1.2892637984728674 21.829289813708055 19.982270763923648 -429.6188167808177 139.20743499523024 -332.30449217126124 139.20864559155012 -332.1941449901871
284 2556 0.002584146229808228 0 1.2937058712195926 21.829314231783403 19.98235707244345 -429.6206713810415 139.20695386649027 -332.30442360122487 139.20863591971042 -332.19458577922876
285 2565 0.0030257863198009673 0 1.2676620134256948 21.829950778174155 19.982048309474546 -429.6140228971923 139.20479566445235 -332.29925925127435 139.2023043877466 -332.20862284100446
286 2574 0.003305376962552361 0 1.2660116204849838 21.829730699156176 19.98221039088129 -429.6175213538489 139.20526322443453 -332.30102857746726 139.20308817298292 -332.20435915618674
287 2583 0.003840647628413911 0 1.2307024166815632 21.83029225334915 19.982562157856137 -429.62507641091383 139.19292857845122 -332.2857644767179 139.19625024575188 -332.2172670384571
288 2592 0.0038930580180452125 0 1.245001316461472 21.830473955527008 19.98190478593022 -429.61092664891333 139.20009094786565 -332.2915858716843 139.19499048410174 -332.2210477721548
289 2601 0.0043407239286880955 0 1.2092999047087718 21.83083346455685 19.982767420058444 -429.62948172227107 139.18550597112457 -332.2764998837338 139.19387930441323 -332.2279392228703
290 2610 0.0052355203830263325 0 1.1439799080801618 21.83142700661816 19.982347706927374 -429.6204438330939 139.1794357030069 -332.2649028265512 139.18141376359532 -332.24378561547934
291 2619 0.0057703753194276435 0 1.1470483399441036 21.83145645146814 19.98236950278664 -429.62092089654544 139.17981911781575 -332.2656093537166 139.18221128778796 -332.2439712177382
292 2628 0.006475666996246633 0 1.1319024896331848 21.832719363063095 19.981600984748326 -429.6043907750371 139.1793628213967 -332.2599030986171 139.1711280667993 -332.27121410474194
293 2637 0.006238983065216694 0 1.1121904333027703 21.832238196768266 19.98174642922043 -429.6075279752662 139.18477907711625 -332.26858613604645 139.1790275819172 -332.25930343706136
294 2646 0.006539910112348082 0 1.1189996814657661 21.832131714568305 19.982797104856022 -429.630136141322 139.17704549716683 -332.264623945741 139.18540523237303 -332.2547139228574
295 2655 0.006273099211409863 0 1.1044625452822516 21.83229741904652 19.98273719267748 -429.6288364524902 139.1708010920663 -332.2551778240658 139.17722504207472 -332.2611122735141
296 2664 0.005465659556824691 0 1.1086591996554103 21.831897300812955 19.983018358200393 -429.63488807161434 139.17024685854466 -332.25633316877935 139.18198079646575 -332.25195615365413
297 2673 0.005304033006596431 0 1.090380380171075 21.83197386527572 19.982778640578147 -429.6297430081005 139.17252888931569 -332.2580539877042 139.17810546707028 -332.2549563216586
298 2682 0.0047917690528843015 0 1.107983300468152 21.832636541208416 19.982180391665977 -429.61685948061614 139.17357116324175 -332.2554496528976 139.17212434740514 -332.26931726185614
299 2691 0.004128891564060931 0 1.0997902521086849 21.83247923375871 19.98218683962178 -429.6170036419219 139.17548465348443 -332.25827533745814 139.17481099652733 -332.265384589205
300 2700 0.0035148291949250003 0 1.092833742023218 21.831852576113405 19.982704033588057 -429.6281306294992 139.17281946660273 -332.2579013189686 139.1794098209539 -332.25224394418296
301 2709 0.0031687754673669953 0 1.083965423146238 21.832021291221203 19.982732997931123 -429.62875486589104 139.16990738416985 -332.2539362819418 139.17694860850781 -332.2562914035383
302 2718 0.0031234735013043057 0 1.0747255434829956 21.83218585800225 19.982344945685664 -429.620420424221 139.17660025698586 -332.2609261499089 139.17837191768032 -332.2586399055475
303 2727 0.0031463179499797564 0 1.0725646730046516 21.832263538662097 19.982268102613816 -429.6187769660744 139.17704814660823 -332.2610554692478 139.17711805228006 -332.2605538006183
304 2736 0.0028036674143033864 0 1.084564580127709 21.832155324443328 19.982504597996776 -429.62386145410517 139.1742015183324 -332.2585465966587 139.17706037660372 -332.2586464741559
305 2745 0.002545455477059367 0 1.080908110494837 21.83231295951592 19.98260842449577 -429.6260807358048 139.1722867152584 -332.2564912056001 139.17701553601069 -332.26148052064
306 2754 0.002331909385641513 0 1.072551790666523 21.8322814776188 19.982406678961947 -429.6217486219808 139.17487254025102 -332.2588587241647 139.17619700897194 -332.2612613266836
307 2763 0.0021990857096205155 0 1.076344963400855 21.832336285501054 19.98221637234838 -429.6176681871948 139.17833326304 -332.2625411105696 139.17765275524425 -332.26163015946895
308 2772 0.0020574634406981054 0 1.078074106260368 21.83250961604111 19.982297933386178 -429.6194103602269 139.1752337761722 -332.2586463223088 139.17458675950044 -332.26601470549843
309 2781 0.0017752705307919074 0 1.0704006647978883 21.832384104203225 19.982167295069253 -429.61660536196797 139.17873112722052 -332.26278525171375 139.17671298155682 -332.2628786232864
310 2790 0.0016740651443051147 0 1.0693097371841787 21.83234669784172 19.982278681657295 -429.6189931952643 139.17637385238564 -332.26013079613455 139.17648804871212 -332.2623059445165
311 2799 0.001647461089476638 0 1.0742935230551858 21.832418027226986 19.982092865988093 -429.6150012016543 139.18060055917184 -332.2649620648813 139.17676732113276 -332.26346277234893
312 2808 0.001590538828424875 0 1.0702014094213996 21.83229035524898 19.982165611355796 -429.6165592278593 139.17928211838898 -332.2635507910793 139.1765575400399 -332.2612672297127
313 2817 0.0014026844466007824 0 1.0656840555334963 21.83219056338191 19.982314391440266 -429.6197597829542 139.17774456614993 -332.2623388362087 139.17779426784224 -332.2589636675445
314 2826 0.0011527954807427389 0 1.066953608647723 21.8322621314846 19.982216835497766 -429.61766402968397 139.17840618629307 -332.2626423492452 139.17696790642168 -332.26059007015044
315 2835 0.0010493003382867046 0 1.0620210462285768 21.83227984358748 19.982316567985734 -429.6198047983097 139.176624671282 -332.2607624760761 139.1765854875091 -332.26106785357575
316 2844 0.0008827908723420811 0 1.0636774318683877 21.832284730807494 19.982342023808183 -429.6203553274355 139.17659883158774 -332.26089525730913 139.17733187613993 -332.26084345791236
317 2853 0.0008164019301119586 0 1.0623449263145632 21.832341095461498 19.982289593382923 -429.61922727578263 139.17763903301503 -332.2620325832473 139.1768047957337 -332.2620717990059
318 2862 0.0007018208021260839 0 1.062784539400386 21.832285754139225 19.9822664685275 -429.61872919070976 139.17779984627376 -332.2621027762628 139.1766979721425 -332.2611262795311
319 2871 0.0006573764303616861 0 1.0630661873980705 21.832320908961076 19.982273624841103 -429.6188813452873 139.17737613896327 -332.2615442710868 139.17615778905258 -332.26198117403925
320 2880 0.0006491003877723095 0 1.0593970363896583 21.832269857296154 19.982327915042 -429.6200507341587 139.17665001499432 -332.2608744273944 139.17664304851772 -332.2608642164463
321 2889 0.0006486546267606206 0 1.0605732455280668 21.832259677744755 19.98234917384415 -429.6205067264149 139.176208531006 -332.2603825821142 139.17667820491846 -332.2606673567307
322 2898 0.0006281561164875995 0 1.0600212380647849 21.832251237114907 19.98232228418565 -429.61992917300364 139.17667045656975 -332.26086649071175 139.1766561601635 -332.2605254842471
323 2907 0.0005596279445621611 0 1.05973792006487 21.83228062926736 19.98234011282728 -429.6203118183754 139.17670068727136 -332.26102654481485 139.17686049865785 -332.2609660744648
324 2916 0.0005110577698371069 0 1.060925602057237 21.832272348068305 19.982316449053144 -429.6198053661137 139.17661926460954 -332.2607517723031 139.1766498822447 -332.26090678955
325 2925 0.000505768661541733 0 1.0591008227732484 21.83230002855651 19.982305446451402 -429.61956725888297 139.17711043625405 -332.26138015789485 139.1771987778958 -332.26117123673777
326 2934 0.0004559658948196458 0 1.0593328066692265 21.83227745209842 19.982331752245475 -429.62013205342123 139.1767843653462 -332.26108600435026 139.17699454436192 -332.2608530774432
327 2943 0.00047049566611717376 0 1.0589427816661725 21.8322971326787 19.982277618815196 -429.6189686540652 139.1771520406362 -332.2612479074306 139.17694892992878 -332.2612243742932
328 2952 0.00043748685452410605 0 1.06054301939066 21.832288022564356 19.98226395788601 -429.61867529438337 139.17756867108187 -332.26175553822867 139.17712422998122 -332.26098759049836
329 2961 0.0003814070248752625 0 1.0589840956514422 21.83227915090687 19.982308348175835 -429.61963013951566 139.17674603389307 -332.2608767496536 139.17683620473548 -332.2609498626693
330 2970 0.00034298821310556316 0 1.0590545638295692 21.832282493822476 19.982308807956322 -429.619638570576 139.17679244963486 -332.2609416075288 139.1768703116039 -332.26099529347783
331 2979 0.0003045295489390264 0 1.0595124101230704 21.832308211834167 19.982278325078713 -429.6189836400007 139.17716497466853 -332.2612736303256 139.1768772464453 -332.2614527848742
332 2988 0.00028019747075163265 0 1.0583489737716096 21.832300149711376 19.982291211983082 -429.6192615414833 139.17705610096843 -332.26120465307514 139.17707864279885 -332.261223900356
333 2997 0.00031102642265631587 0 1.0588146484625658 21.83230589541289 19.982294074618387 -429.61932266148784 139.17712169815658 -332.26131592957285 139.17725137961318 -332.2612537391902
334 3006 0.0002989592991684193 0 1.058977869105362 21.832279330622278 19.98231832624237 -429.61984401423706 139.1767437886352 -332.26093907248713 139.1771586861668 -332.2608177160168
335 3015 0.00027633715650140437 0 1.0589403884137392 21.832288988954456 19.982299043067844 -429.6194291802865 139.17700966039516 -332.2611897185311 139.17708641876106 -332.2610204413986
336 3024 0.0002560251083904418 0 1.0585864522099075 21.83230195135129 19.982297965134453 -429.61940587614055 139.17708241665002 -332.26128638949825 139.17721964347047 -332.26119705362913
337 3033 0.00022432643438146497 0 1.0580639987540565 21.832303234245487 19.982286895816593 -429.61916816073983 139.17713792461987 -332.2612910928849 139.17710866270625 -332.2612663006835
338 3042 0.00020376174623482453 0 1.058043935346408 21.832289561507547 19.98229751446593 -429.61939646889107 139.17697465940955 -332.26112923728874 139.17704595822337 -332.2610480789922
339 3051 0.00020770691260449931 0 1.0581034585798976 21.832300626362763 19.982281228286865 -429.61904630676 139.17712164782267 -332.2612319201248 139.1771091780487 -332.26121961121447
340 3060 0.00019713913643882856 0 1.0585631169734064 21.832308774911798 19.98227861896082 -429.6189900619922 139.17715360522502 -332.2612602834695 139.17705001538062 -332.2613900696597
341 3069 0.0001654376532237568 0 1.058017554718647 21.83229698242788 19.982290175150737 -429.6192387073135 139.17706680877555 -332.26121148574055 139.17705756536532 -332.26117605233
342 3078 0.0001628269186618942 0 1.0580512733461354 21.832307454715117 19.982287536387012 -429.61918201531734 139.17710127188573 -332.26124323482213 139.17707470323543 -332.2613560823064
343 3087 0.00015079972015708817 0 1.0582644451962189 21.83230953283814 19.98228268619924 -429.61907783509014 139.17722831337102 -332.2613926867422 139.1771399623992 -332.2613657544978
344 3096 0.00012640058274481346 0 1.0580376397619262 21.83230184687563 19.982292397340565 -429.61928658085804 139.17714263491885 -332.26133504253016 139.17717347955417 -332.26121440133755
345 3105 0.00012148155916627692 0 1.0581285749917355 21.832297027063927 19.982294980585884 -429.6193421135423 139.17697923223471 -332.26111953034155 139.17712498486506 -332.26114846451554
346 3114 0.00010398419645584293 0 1.0579377626483915 21.83230318555408 19.982294051692325 -429.61932211051584 139.17709386690672 -332.26127642311224 139.17717423514927 -332.26123801888633
347 3123 8.591078596849658e-05 0 1.057928573218487 21.832302969974002 19.982289374015064 -429.61922142314046 139.17709346931036 -332.2612447804491 139.17715809634433 -332.26124089519647
348 3132 8.088185455448889e-05 0 1.0578475672387844 21.83230605537892 19.982285076035794 -429.61912906228093 139.17713872476708 -332.2612812650631 139.17711936495635 -332.26131236681766
349 3141 7.45980537285943e-05 0 1.0579071784626684 21.832309427302647 19.98228671717944 -429.61916437373526 139.17717881853446 -332.26134887238345 139.17720117233932 -332.26133832092825
350 3150 6.486694267003963e-05 0 1.0577637192324063 21.8323047459399 19.982287528673627 -429.61918188660997 139.1771265689038 -332.26128015450007 139.17716099938903 -332.26127149172083
351 3159 6.000794204476399e-05 0 1.0577374765697276 21.8323071634857 19.982284293609588 -429.61911228405086 139.17716309162446 -332.2613105437661 139.17718213613784 -332.26130585709626
352 3168 5.5077823382282326e-05 0 1.0577319845421083 21.832306481368636 19.982285814473705 -429.61914501602286 139.17715653831624 -332.2613111025509 139.17717306045049 -332.2612974987367
353 3177 5.190117592019484e-05 0 1.057646136462417 21.832303521792753 19.982287140319723 -429.619173511279 139.17711681928333 -332.26126338331284 139.1771221427392 -332.2612658843512
354 3186 4.6003208371582304e-05 0 1.0576901780765922 21.83230561400174 19.98228663748419 -429.6191626755592 139.17715280482392 -332.26131145778567 139.17714975551246 -332.26129173887756
355 3195 4.345642058265155e-05 0 1.0576937625821778 21.832306183843738 19.982286395909053 -429.61915752304793 139.1771481364943 -332.2613031436964 139.1771405157122 -332.2613058303829
356 3204 3.978393046323603e-05 0 1.0577022408517966 21.83230717945346 19.98228560782773 -429.6191405269996 139.1771589572036 -332.2613133122163 139.1771564218249 -332.2613169328934
357 3213 3.308336023674041e-05 0 1.0576480004447728 21.832305802670767 19.98228727255133 -429.61917633938793 139.1771409439128 -332.26129870885546 139.17713923545185 -332.26129952100973
358 3222 2.9570202781377125e-05 0 1.0576667268384008 21.832307662480677 19.98228602163888 -429.6191494746581 139.17716584555674 -332.261325937057 139.17716280638982 -332.2613229100623
359 3231 2.7078896935137257e-05 0 1.0576670139507371 21.83230667249092 19.98228695918347 -429.6191696207413 139.1771521773734 -332.2613126595819 139.17715940699478 -332.26130663967115
360 3240 2.320304437439901e-05 0 1.0576468470151088 21.832307108413264 19.982286308510556 -429.6191556351791 139.1771542997794 -332.2613113857138 139.17715722632204 -332.26131534934075
361 3249 2.1045432375478627e-05 0 1.0576458177980013 21.83230719176829 19.9822851088118 -429.61912985039277 139.17716426537433 -332.2613177137413 139.17715346751757 -332.2613184113548
362 3258 1.8428177682832718e-05 0 1.0576435256208845 21.832307331265167 19.98228538602107 -429.61913579945 139.17716568478417 -332.2613216385032 139.17715886643808 -332.26131864399736
363 3267 1.58667466460581e-05 0 1.0576410209811946 21.83230754578954 19.982285407762067 -429.6191362699417 139.1771660981528 -332.2613223167597 139.17715791862696 -332.2613228863279
364 3276 1.3922228671282257e-05 0 1.057632180364708 21.83230734009699 19.982286274900396 -429.619154913867 139.17715922611723 -332.2613183048836 139.17715703320818 -332.26131957492134
365 3285 1.3231804402229836e-05 0 1.05762879343141 21.832307050892467 19.982286749978137 -429.6191651261579 139.1771567310167 -332.2613178903026 139.1771556075722 -332.26131499862663
366 3294 1.3211961025499583e-05 0 1.057636061252491 21.832306609812424 19.982286457635485 -429.6191588403487 139.17715296046728 -332.2613105955087 139.17714892532652 -332.26130990484694
367 3303 1.2630574360897333e-05 0 1.0576379285112785 21.832306377779904 19.982286475960937 -429.61915925155785 139.17715088708258 -332.26130771633854 139.17714745472068 -332.261306368156
368 3312 1.1452412721377629e-05 0 1.0576214366014314 21.83230687614799 19.982286128908648 -429.6191517786047 139.1771549291991 -332.26131116956395 139.17715485063061 -332.2613121857942
369 3321 1.045173248395301e-05 0 1.0576265715940165 21.832306736294903 19.982286403020716 -429.61915766533684 139.17715205277227 -332.261308911675 139.17715424116514 -332.261309939571
370 3330 8.931247934417991e-06 0 1.0576338152021203 21.832306806899243 19.98228595713584 -429.6191480849501 139.17715767069657 -332.2613139157471 139.177156047649 -332.26131044284597
371 3339 8.730298042694245e-06 0 1.0576211495066685 21.83230713862516 19.982286069240693 -429.6191504933048 139.17715816116663 -332.26131538623923 139.17715667910096 -332.26131611357346
372 3348 7.792583945365828e-06 0 1.0576171681829771 21.83230705648103 19.982286163025847 -429.61915250515807 139.1771580582003 -332.26131586059233 139.1771567820954 -332.26131460231636
373 3357 7.432210047800053e-06 0 1.0576241074556592 21.832306814233434 19.982286432798574 -429.61915830168056 139.17715429378205 -332.2613123021146 139.17715367933437 -332.26131156691207
374 3366 6.421773357241351e-06 0 1.057613957618281 21.832306993997967 19.982286183207883 -429.6191529394551 139.1771562117146 -332.2613133569172 139.17715653884008 -332.2613135855262
375 3375 5.943260857086022e-06 0 1.057618505290917 21.832307193983613 19.982286158381655 -429.6191524065401 139.17715813538595 -332.261315931184 139.1771570025218 -332.2613169698372
376 3384 5.417925425612779e-06 0 1.0576195097189014 21.83230730442411 19.982285921303042 -429.6191473079309 139.17716006746102 -332.2613171089851 139.17715896650208 -332.2613181207068
377 3393 5.072809390715071e-06 0 1.0576203330561669 21.832307096499935 19.982286304045598 -429.6191555383192 139.17715711758456 -332.261315464783 139.17715842422666 -332.2613146283772
378 3402 4.9022715159342136e-06 0 1.0576157595439657 21.832307210044586 19.982286238816762 -429.6191541374437 139.17715851183775 -332.2613170149005 139.17715799333396 -332.2613168409658
379 3411 4.9367535740984306e-06 0 1.0576174677017627 21.832307239840556 19.982286264513963 -429.6191546864107 139.17715761488063 -332.2613158980977 139.1771579495485 -332.26131739164464
380 3420 4.724502797900737e-06 0 1.057614885915766 21.832307443247522 19.982286032507954 -429.61914969823823 139.17716124934407 -332.2613195368266 139.1771612270362 -332.2613196583355
381 3429 4.3360538204886834e-06 0 1.0576152062447965 21.832307402965178 19.982286252565135 -429.619154432494 139.1771599151549 -332.26131910591374 139.17715989225584 -332.2613194976553
382 3438 4.55966451934251e-06 0 1.0576140848486786 21.83230754798905 19.98228621558616 -429.61915363719754 139.17716161436485 -332.2613212885852 139.1771616778276 -332.2613213439277
383 3447 4.772744658454727e-06 0 1.0576148951651043 21.832307510485442 19.982286351148 -429.61915654997165 139.177161022065 -332.2613213533758 139.1771597387047 -332.26132148553813
384 3456 4.737313904551761e-06 0 1.057614937777698 21.83230752705739 19.98228645901091 -429.6191588703575 139.17716071784474 -332.2613216340125 139.17716095400013 -332.26132127338207
385 3465 4.961578006876479e-06 0 1.0576164598123716 21.832307546926135 19.982286478752485 -429.61915929621136 139.17716075980596 -332.261321827734 139.177160712685 -332.26132172715944
386 3474 4.8793897390393535e-06 0 1.05761556647621 21.83230764344093 19.982286348110325 -429.6191564860274 139.1771622624654 -332.2613231098373 139.1771623066993 -332.26132278669905
387 3483 4.383016697960364e-06 0 1.057615079192658 21.83230762163892 19.982286411778745 -429.6191578535964 139.17716202267283 -332.2613231908324 139.17716125895964 -332.2613228362474
388 3492 4.112407008040265e-06 0 1.0576143277627386 21.83230767409526 19.982286417716043 -429.6191579813865 139.1771622478266 -332.2613235446262 139.17716128942735 -332.26132376282436
389 3501 3.7667764355904873e-06 0 1.0576140201566036 21.832307848929133 19.982286429785184 -429.61915824141266 139.17716357364094 -332.26132551976866 139.17716350712908 -332.2613259604505
390 3510 3.2128308662398093e-06 0 1.0576118499971925 21.8323076657521 19.982286389761015 -429.6191573798609 139.17716220447826 -332.2613232985427 139.17716198051772 -332.2613233241364
391 3519 3.298186272221447e-06 0 1.0576145097704954 21.832307664095556 19.98228645423948 -429.6191587653632 139.17716205217897 -332.26132351502133 139.17716155262002 -332.2613234741095
392 3528 3.0008424602287984e-06 0 1.057612740298889 21.832307736203088 19.982286441235154 -429.61915848711965 139.17716269403348 -332.2613243430084 139.1771627581436 -332.2613242590568
393 3537 2.6235449868957842e-06 0 1.057613187730069 21.83230770563194 19.98228639587421 -429.6191575112603 139.17716265441803 -332.26132398469457 139.17716298506204 -332.2613236167689
394 3546 2.3184133511602594e-06 0 1.0576134356885143 21.832307774343498 19.982286431999956 -429.61915828924305 139.17716280188748 -332.26132443248974 139.17716286147328 -332.2613248971147
395 3555 2.197235608153881e-06 0 1.057613790993105 21.832307696900617 19.98228647935021 -429.61915930748216 139.17716187680304 -332.2613234295832 139.17716223268596 -332.2613237755578
396 3564 2.1637385760851415e-06 0 1.0576133301875195 21.83230776697788 19.982286357911015 -429.6191566948302 139.17716313746322 -332.2613244193502 139.1771638661503 -332.2613243451329
397 3573 2.165084949114077e-06 0 1.0576132946205248 21.832307796613062 19.982286413917553 -429.6191578991915 139.17716342103628 -332.26132520174934 139.1771633764039 -332.26132508121566
398 3582 1.920246196246775e-06 0 1.0576138064992948 21.832307694304546 19.982286439108172 -429.61915844170096 139.17716225911926 -332.26132370818124 139.17716272565352 -332.26132352277006
399 3591 1.8269395255185933e-06 0 1.0576126885390755 21.832307734560466 19.982286361123773 -429.6191567644538 139.17716299015058 -332.2613242302235 139.17716297675327 -332.26132413838263
400 3600 1.5930146181794165e-06 0 1.0576124207919373 21.832307779920804 19.982286414809305 -429.6191579187316 139.17716313110512 -332.2613247904 139.17716294874054 -332.26132496107795
401 3609 1.5835483103514904e-06 0 1.0576117311862094 21.83230767104552 19.98228639093922 -429.6191574054045 139.1771621354163 -332.26132320977206 139.17716211002048 -332.2613233641904
402 3618 1.6346288094863172e-06 0 1.0576113572265866 21.832307768044334 19.982286344080865 -429.6191563977019 139.1771632440853 -332.2613244800278 139.17716329505961 -332.26132460286743
403 3627 1.488721864161165e-06 0 1.057611661762927 21.832307705739826 19.98228641192687 -429.6191578561126 139.17716239436544 -332.2613237168188 139.17716258458378 -332.2613237862112
404 3636 1.3441463614665022e-06 0 1.0576116767468118 21.832307700083884 19.982286410016417 -429.6191578151119 139.17716249369272 -332.26132384678596 139.17716250490187 -332.26132371843033
405 3645 1.1922709901785749e-06 0 1.0576118352250592 21.83230768123691 19.98228638656248 -429.6191573107644 139.17716223717937 -332.2613233227666 139.17716220982646 -332.26132350501564
406 3654 1.0695003248562573e-06 0 1.057611486257474 21.832307715315793 19.9822864048393 -429.61915770376936 139.17716262360744 -332.2613239977981 139.17716270968933 -332.2613239050587
