% # columns="iteration, evaluation, min max(neg(.)) min(pos(.)) max correlation, correlation matrix principle axes lengths  (sorted square roots of eigenvalues of correlation matrix)", seed=141061, Wed Jul 29 16:15:40 2020
1 10 -0.05809113935444911 -0.002300636267541562 0.0002704045107502932 0.05059595589657817 1 1 1 1 1 1 1 1 1
2 20 -0.06591458438260063 -0.0020357570384707305 0.003949396019056887 0.08162561159678552 1 1 1 1 1 1 1 1 1
3 30 -0.08476561399368102 -0.0010489648665980467 0.004185041469105761 0.10575365203246165 1 1 1 1 1 1 1 1 1
4 40 -0.12224381416473369 -0.0007978883733651707 0.00107010785292478 0.10805430378464592 1 1 1 1 1 1 1 1 1
5 50 -0.10242918147570199 -0.006811933178122922 0.0018372295183045734 0.1386366508874707 1 1 1 1 1 1 1 1 1
6 60 -0.07576402398450084 -0.0006828679758782111 0.001884747658093506 0.13385056135856443 1 1 1 1 1 1 1 1 1
7 70 -0.15795185915522092 -0.011694380333205122 0.001640349727778739 0.19118511268112637 1 1 1 1 1 1 1 1 1
8 80 -0.20453506390580076 -0.02991859969699302 0.008708265435826167 0.23145108890918367 1 1 1 1 1 1 1 1 1
9 90 -0.18912899975441938 -0.006135830322194208 0.005812569000637135 0.22364271519034337 1 1 1 1 1 1 1 1 1
10 100 -0.2072822546337652 -0.004729842417608422 0.01193700565267641 0.2341478219546607 1 1 1 1 1 1 1 1 1
11 110 -0.1882903295114389 -0.009785492098801439 0.0015591872447206197 0.2547264314027832 1 1 1 1 1 1 1 1 1
12 120 -0.18719541886451815 -6.690324579434906e-05 0.002988979246920739 0.23471751571201782 1 1 1 1 1 1 1 1 1
13 130 -0.18516991007782924 -0.0018184700361771617 0.006902729795380076 0.2071340861435232 1 1 1 1 1 1 1 1 1
14 140 -0.26678542960728324 -0.00811559722351166 0.005749636952295071 0.20338257051448466 1 1 1 1 1 1 1 1 1
15 150 -0.24574389815380102 -0.0041433682487699176 0.004987866776918243 0.21048724521651044 1 1 1 1 1 1 1 1 1
16 160 -0.25926948488423696 -0.001457739553014159 0.004269908364059981 0.23580589647805458 1 1 1 1 1 1 1 1 1
17 170 -0.28275533255336793 -0.006911204068895213 0.009311920876264491 0.2732187871379024 1 1 1 1 1 1 1 1 1
18 180 -0.28418960641981345 -0.003175815863522239 0.006279516615101974 0.2736572011197741 1 1 1 1 1 1 1 1 1
19 190 -0.3073623606287398 -0.009640466646425672 0.004866433629656077 0.2958354668086992 1 1 1 1 1 1 1 1 1
20 200 -0.28661562709358596 -0.007693943179437128 0.0008592128008006599 0.2978016363897451 1 1 1 1 1 1 1 1 1
21 210 -0.32778915716270923 -0.02374136622989401 0.008246052324516152 0.3169988188909699 1 1 1 1 1 1 1 1 1
22 220 -0.33346203497504845 -0.0009807824424811471 0.05201410723512814 0.31504397544157164 1 1 1 1 1 1 1 1 1
23 230 -0.415788584786157 -0.004991078343806722 0.02135243170380392 0.34701022791331293 1 1 1 1 1 1 1 1 1
24 240 -0.439080190148482 -0.016393374087573673 0.050851975147972205 0.34901778455767085 1 1 1 1 1 1 1 1 1
25 250 -0.3614904254901183 -0.03213982141458612 0.012329330641183385 0.3407542819038452 1 1 1 1 1 1 1 1 1
26 260 -0.39047978352906376 -0.028194374820159573 0.02844806530699793 0.3046114383249359 1 1 1 1 1 1 1 1 1
27 270 -0.41141639088644205 -0.010750269901177976 0.01466552847900751 0.3102841605871866 1 1 1 1 1 1 1 1 1
28 280 -0.4411577175628328 -0.0056381201898975134 0.015345584905078731 0.29287472937625936 1 1 1 1 1 1 1 1 1
29 290 -0.4622276337730994 -0.018451940267114074 0.007040484480102898 0.3080426074567934 1 1 1 1 1 1 1 1 1
30 300 -0.4602947526355167 -0.025440631578913808 0.008263509886556976 0.35545229820068186 1 1 1 1 1 1 1 1 1
31 310 -0.4769492300852883 -0.0030283157584481196 0.011301151133295656 0.35836444272456314 1 1 1 1 1 1 1 1 1
32 320 -0.49212497247597764 -0.022142544182833748 0.0006917487246831037 0.3768632768698892 1 1 1 1 1 1 1 1 1
33 330 -0.4851843054847358 -0.020455748784651638 0.03190884027957166 0.3694958493823607 1 1 1 1 1 1 1 1 1
34 340 -0.4710073549874108 -0.027348568458013263 0.0270114199977367 0.36229183640198015 1 1 1 1 1 1 1 1 1
35 350 -0.45726177760949915 -0.006678810035202228 0.0231935691201677 0.3718135123472887 1 1 1 1 1 1 1 1 1
36 360 -0.5248841477732523 -0.02475532512679295 0.0016590133338442719 0.38390329769505566 1 1 1 1 1 1 1 1 1
37 370 -0.5752767973028501 -0.011585090269323665 0.012298462489126062 0.4598450047646336 1 1 1 1 1 1 1 1 1
38 380 -0.601537818899691 -0.002109136963233421 0.0033501741287040106 0.47622163377283333 1 1 1 1 1 1 1 1 1
39 390 -0.6219118486859987 -0.0065443617874438855 0.019444007451086716 0.4523871475118098 1 1 1 1 1 1 1 1 1
40 400 -0.6523712182680723 -0.0023776386762426878 0.009191193918158161 0.46125205870836006 1 1 1 1 1 1 1 1 1
41 410 -0.6554165244048203 -0.007049341946848131 0.009967135201167784 0.4682763585936154 1 1 1 1 1 1 1 1 1
42 420 -0.669088211751659 -0.008015485050873714 0.010292667986174266 0.47652637531858877 1 1 1 1 1 1 1 1 1
43 430 -0.6764098934956897 -0.02935632701622645 0.001570491281981858 0.46697266627419715 1 1 1 1 1 1 1 1 1
44 440 -0.6846710868995013 -0.012189485832015217 0.007150500446304648 0.4617825781410966 1 1 1 1 1 1 1 1 1
45 450 -0.6580326887261101 -0.012221962866027664 0.0011448469918133035 0.44136148355481075 1 1 1 1 1 1 1 1 1
46 460 -0.6463395206639839 -0.02015578203061067 0.002290175843340645 0.46905321612263645 1 1 1 1 1 1 1 1 1
47 470 -0.6332734043931063 -0.0048258856032855285 0.005513463530268488 0.4856168091875557 1 1 1 1 1 1 1 1 1
48 480 -0.6555676203824892 -0.0017179473984539398 0.013279743907359861 0.46814690768485284 1 1 1 1 1 1 1 1 1
49 490 -0.6571782333697638 -0.005424286297969639 0.009830814039770463 0.4699125448399027 1 1 1 1 1 1 1 1 1
50 500 -0.6556368081388428 -0.028871913529987192 0.007833509524951644 0.48991648786899566 1 1 1 1 1 1 1 1 1
51 510 -0.6166506600584054 -0.01356796947198406 0.0014507175008415206 0.46653624662997717 1 1 1 1 1 1 1 1 1
52 520 -0.5900179330253605 -0.0005448222984815805 0.0004650932910017844 0.45789457767306124 1 1 1 1 1 1 1 1 1
53 530 -0.5746377113150112 -0.00355900925003275 0.0008473634189709526 0.4304242268055637 1 1 1 1 1 1 1 1 1
54 540 -0.5850667040126044 -0.00968289546314547 0.02510874897252971 0.4463494098287043 1 1 1 1 1 1 1 1 1
55 550 -0.6521793151591976 -0.0004565879813946033 0.0021336864888192395 0.500824962072684 1 1 1 1 1 1 1 1 1
56 560 -0.676947064591684 -0.001902177445262102 0.023742028217889833 0.5193703222911101 1 1 1 1 1 1 1 1 1
57 570 -0.6943675133055827 -0.020147586338576315 0.004467485377574169 0.5298097922097068 1 1 1 1 1 1 1 1 1
58 580 -0.7020760826318146 -0.0024308044360646097 0.01327809345766613 0.5437262311375334 1 1 1 1 1 1 1 1 1
59 590 -0.6750495922829876 -0.010108782766645522 0.0018749392079549373 0.531011708724213 1 1 1 1 1 1 1 1 1
60 600 -0.6694849653464223 -0.01854606963949564 0.03334826677679936 0.5631631511535371 1 1 1 1 1 1 1 1 1
61 610 -0.6754160513932549 -0.018771178311912995 0.02462560312232733 0.5793901580654158 1 1 1 1 1 1 1 1 1
62 620 -0.6871316815789837 -0.008285932573086489 0.0231086373690688 0.5806982218406153 1 1 1 1 1 1 1 1 1
63 630 -0.682291451718123 -0.010809624288753022 0.020354184146358402 0.5778525909558244 1 1 1 1 1 1 1 1 1
64 640 -0.6852276432031644 -0.012214743409242276 0.018998696092952648 0.5679350695326234 1 1 1 1 1 1 1 1 1
65 650 -0.6744764030201023 -0.007668493987557753 0.0335926002557351 0.579467091365205 1 1 1 1 1 1 1 1 1
66 660 -0.6754671207650517 -0.006451690084557992 0.02012209235789506 0.5974114888763856 1 1 1 1 1 1 1 1 1
67 670 -0.6690654343617024 -0.0057424293083387845 0.019868955040350217 0.6011994480384076 1 1 1 1 1 1 1 1 1
68 680 -0.6515110586581764 -0.012123293291934458 0.0015693384403177555 0.5930955169970931 1 1 1 1 1 1 1 1 1
69 690 -0.655961270529997 -0.027440864304862304 0.0064785729393654155 0.6074919692539079 1 1 1 1 1 1 1 1 1
70 700 -0.6435281333559405 -0.006468033060637051 0.010735815484472475 0.6005389294427185 1 1 1 1 1 1 1 1 1
71 710 -0.6149383742768142 -0.0002056818044169411 0.010578912831009243 0.6027474723694695 1 1 1 1 1 1 1 1 1
72 720 -0.6176406756324777 -0.00034102026200405933 0.014123823895497087 0.6254341198941594 1 1 1 1 1 1 1 1 1
73 730 -0.6124721002042444 -0.015597039421333588 0.022163317165258274 0.6322513288744301 1 1 1 1 1 1 1 1 1
74 740 -0.5629628205324854 -0.005194277203379479 0.05644332393631352 0.6341470097976151 1 1 1 1 1 1 1 1 1
75 750 -0.5552424045004046 -0.01769105117617375 0.004188224001803808 0.6405656695354245 1 1 1 1 1 1 1 1 1
76 760 -0.5401744174719725 -0.022033036921682275 0.0457858742988022 0.6323197969409716 1 1 1 1 1 1 1 1 1
77 770 -0.5546478654740444 -0.04754368494003161 0.001715838625851258 0.6418809294533316 1 1 1 1 1 1 1 1 1
78 780 -0.5567801587436909 -0.019689877432304277 0.015327841428433025 0.6648076125823438 1 1 1 1 1 1 1 1 1
79 790 -0.5450887683830143 -0.0024620985431405614 0.039397301688752696 0.6587358049748147 1 1 1 1 1 1 1 1 1
80 800 -0.5535793212641196 -0.004988856947802024 0.04184480302172984 0.6847390045905696 1 1 1 1 1 1 1 1 1
81 810 -0.5564486404208014 -0.004361994667616314 0.0037381717452888313 0.6941982541386512 1 1 1 1 1 1 1 1 1
82 820 -0.5698469554736679 -0.013834502142752239 0.026725128418428577 0.6521830697036181 1 1 1 1 1 1 1 1 1
83 830 -0.5728791025742869 -0.03392130107392128 0.004841047895569571 0.6564273667901653 1 1 1 1 1 1 1 1 1
84 840 -0.6030825668355354 -0.00032037077917046025 0.01335682375157086 0.6415347359498881 1 1 1 1 1 1 1 1 1
85 850 -0.6117522634084266 -0.022438985531939914 0.0010367681412652304 0.6519828625859933 1 1 1 1 1 1 1 1 1
86 860 -0.5927640994375283 -0.050766028164641236 0.00896500913426649 0.6212129550280325 1 1 1 1 1 1 1 1 1
87 870 -0.6007842499636319 -0.0006644058821646957 0.007599011815766008 0.6368691301782969 1 1 1 1 1 1 1 1 1
88 880 -0.598441443021286 -0.0033200644128189225 0.0074163379932119106 0.633261965187857 1 1 1 1 1 1 1 1 1
89 890 -0.5982422903507705 -0.0012346335381329065 0.008461954124473007 0.6251368370346995 1 1 1 1 1 1 1 1 1
90 900 -0.5923526469386389 -0.013377393999280009 0.0031472066508025968 0.6233825930901036 1 1 1 1 1 1 1 1 1
91 910 -0.5853830156823439 -0.0038579159800978505 0.002979289633909405 0.6302817491329795 1 1 1 1 1 1 1 1 1
92 920 -0.5739325075060586 -0.006236592389375035 0.0378951473280638 0.5986393437727608 1 1 1 1 1 1 1 1 1
93 930 -0.5790144851121223 -0.0032138303399185377 0.006491712653341345 0.5844286246204088 1 1 1 1 1 1 1 1 1
94 940 -0.5994943200224953 -0.0004062262702309454 0.006921581222069077 0.5903921271214159 1 1 1 1 1 1 1 1 1
95 950 -0.5718125818583162 -0.0004455499908109346 0.00154633208842136 0.5846391910429325 1 1 1 1 1 1 1 1 1
96 960 -0.5815497768862508 -0.04895425352047324 0.008760441374137848 0.5950188636553955 1 1 1 1 1 1 1 1 1
97 970 -0.569947272115882 -0.005789215311020012 0.003668755758297881 0.6070812568311814 1 1 1 1 1 1 1 1 1
98 980 -0.5421990004868932 -0.011945383112815811 0.010014815011858297 0.6417264676478127 1 1 1 1 1 1 1 1 1
99 990 -0.5506090279151109 -0.0018611646080818494 0.0046536959681030545 0.6029516162983937 1 1 1 1 1 1 1 1 1
100 1000 -0.5315445285950009 -0.03477105323183089 0.003128847066311285 0.5856967823867707 1 1 1 1 1 1 1 1 1
101 1010 -0.5394318671159579 -0.0061943295923581705 0.01700912013342292 0.6101419561820615 1 1 1 1 1 1 1 1 1
102 1020 -0.5396801104332848 -0.005575403364923278 0.01277811163292012 0.6268535901903626 1 1 1 1 1 1 1 1 1
103 1030 -0.5374753152519507 -0.02633051923208336 0.0057499259661724445 0.6236631003002586 1 1 1 1 1 1 1 1 1
104 1040 -0.5226059264178249 -0.0017667859204287628 0.0028432616607977734 0.6447618529403045 1 1 1 1 1 1 1 1 1
105 1050 -0.5227774615092694 -0.0037401195077833623 0.007177506380741518 0.6667610339495036 1 1 1 1 1 1 1 1 1
106 1060 -0.50661092276602 -0.027304397874307853 0.003849098118694222 0.683683136935827 1 1 1 1 1 1 1 1 1
107 1070 -0.5357324470719012 -0.05816665985130832 0.003357646868635133 0.7005393709697493 1 1 1 1 1 1 1 1 1
108 1080 -0.5425172654403818 -0.03746047587536419 0.026014882907329652 0.7094022802812544 1 1 1 1 1 1 1 1 1
109 1090 -0.5533366647947354 -0.055563040390873564 0.012158051035249811 0.7105719734494721 1 1 1 1 1 1 1 1 1
110 1100 -0.5474639709471815 -0.0398868330961305 0.020419508911755143 0.7336670057537723 1 1 1 1 1 1 1 1 1
111 1110 -0.5490644147630512 -0.0018314457887392622 0.015897064952748542 0.7420160917691063 1 1 1 1 1 1 1 1 1
112 1120 -0.5423363175453698 -0.017737379948576045 0.004239969998281269 0.7389170845876218 1 1 1 1 1 1 1 1 1
113 1130 -0.5270307714250673 -0.07829905493678069 0.017216733726049416 0.7633791043440487 1 1 1 1 1 1 1 1 1
114 1140 -0.5380601108860359 -0.14160424693906262 0.014187060431273761 0.7768440051038666 1 1 1 1 1 1 1 1 1
115 1150 -0.530136450969686 -0.005518812924810899 0.033850797631430785 0.7858220085227031 1 1 1 1 1 1 1 1 1
116 1160 -0.5393635550414104 -0.15307214510913528 0.008949393642637058 0.7987654117425017 1 1 1 1 1 1 1 1 1
117 1170 -0.5578622224079083 -0.007791662992780848 0.015151860455404613 0.8045707194619193 1 1 1 1 1 1 1 1 1
118 1180 -0.5634849862980307 -0.036606413767844244 0.03272196950085682 0.7951135715010961 1 1 1 1 1 1 1 1 1
119 1190 -0.5621637847868658 -0.04526713064865915 0.030541972231775755 0.8120336248109453 1 1 1 1 1 1 1 1 1
120 1200 -0.5411506339125131 -0.0024045915814434634 0.0031333164012996495 0.8066607219426833 1 1 1 1 1 1 1 1 1
121 1210 -0.5344404860675368 -0.01700287256626384 0.015394353139003114 0.7974925037443376 1 1 1 1 1 1 1 1 1
122 1220 -0.5382807166026852 -0.06227842075820899 0.008019887350241218 0.8091356483720676 1 1 1 1 1 1 1 1 1
123 1230 -0.5400105420148653 -0.04464516261053103 0.0014620827180517894 0.820754231768258 1 1 1 1 1 1 1 1 1
124 1240 -0.5282663379233669 -0.006264399899091255 0.02893473731788054 0.8153071396040621 1 1 1 1 1 1 1 1 1
125 1250 -0.5432880149992698 -0.005029019142980411 0.006394740171546732 0.8149240997103806 1 1 1 1 1 1 1 1 1
126 1260 -0.5413873588563893 -0.02663611676891219 0.041757241712783826 0.8026120379523006 1 1 1 1 1 1 1 1 1
127 1270 -0.47248540950281454 -0.007663322054838302 0.022948881054271238 0.7986699699894211 1 1 1 1 1 1 1 1 1
128 1280 -0.48284104357457946 -0.015212649208679036 0.009498303901846918 0.8123042073545834 1 1 1 1 1 1 1 1 1
129 1290 -0.49132354330482925 -0.005587781795378506 0.013371764451331432 0.8342227918548787 1 1 1 1 1 1 1 1 1
130 1300 -0.5374150313369584 -0.002949346814024206 0.010987975104863924 0.8484885630560831 1 1 1 1 1 1 1 1 1
131 1310 -0.5660629413208065 -0.03204257119731479 0.010394660664294585 0.8654587215102362 1 1 1 1 1 1 1 1 1
132 1320 -0.571770853238548 -0.04369105153498902 0.0003114912042943897 0.8682904991563241 1 1 1 1 1 1 1 1 1
133 1330 -0.5694955547685101 -0.006150819605531178 0.023811257048417887 0.8717559085169841 1 1 1 1 1 1 1 1 1
134 1340 -0.5661895458582791 -0.02309698425162219 0.025039287153398065 0.8692989262375234 1 1 1 1 1 1 1 1 1
135 1350 -0.5883713471176155 -0.032101584427696415 0.020285019962148956 0.8639003842932429 1 1 1 1 1 1 1 1 1
136 1360 -0.610132251824374 -0.025573686570202668 0.007834450495801067 0.8740507944346853 1 1 1 1 1 1 1 1 1
137 1370 -0.6067461519708959 -0.00874201091173819 0.005407284224991861 0.8725692100769263 1 1 1 1 1 1 1 1 1
138 1380 -0.60799295461181 -0.0063873872625138965 0.02762601431721425 0.8702224474133907 1 1 1 1 1 1 1 1 1
139 1390 -0.6364926501580294 -0.012510410593940183 0.019567293155551172 0.8823492467644904 1 1 1 1 1 1 1 1 1
140 1400 -0.6367197808784043 -0.01611466416069119 0.0034081417149210646 0.8772235670459796 1 1 1 1 1 1 1 1 1
141 1410 -0.6329682999503666 -0.0032880340780639594 0.03495599200407501 0.8738418869588507 1 1 1 1 1 1 1 1 1
142 1420 -0.6384244511452378 -0.0022437179498785167 0.060371707659097225 0.8767745207243918 1 1 1 1 1 1 1 1 1
143 1430 -0.5903610548615785 -0.018409250872524142 0.02748327670524666 0.8855119852063598 1 1 1 1 1 1 1 1 1
144 1440 -0.578401412245206 -0.0022249125248613613 0.008566243645500182 0.8926187127026066 1 1 1 1 1 1 1 1 1
145 1450 -0.5742207375135402 -0.0007295578008627111 0.07700768986351132 0.8992337062341846 1 1 1 1 1 1 1 1 1
146 1460 -0.5911671343482832 -0.002657642740412635 0.018500630290046012 0.8971729445758266 1 1 1 1 1 1 1 1 1
147 1470 -0.5969586431804815 -0.027757297830841247 0.02603923605872146 0.891309547763467 1 1 1 1 1 1 1 1 1
148 1480 -0.5858505556665138 -0.004426245546692483 0.013504752692660951 0.8896106139920008 1 1 1 1 1 1 1 1 1
149 1490 -0.5784518968937209 -0.022060137467576884 0.010588231650626972 0.8995223168487164 1 1 1 1 1 1 1 1 1
150 1500 -0.5510002058716518 -0.029126139028404704 0.00012059402808150606 0.9036283486597004 1 1 1 1 1 1 1 1 1
151 1510 -0.5883361694335454 -0.0012192032367257849 0.0630716379882823 0.9166638579633815 1 1 1 1 1 1 1 1 1
152 1520 -0.6005029606298733 -0.006587398648573331 0.019349621651047547 0.9199512407671001 1 1 1 1 1 1 1 1 1
153 1530 -0.6073897338451695 -0.10257953276166021 0.019750604817894417 0.9166961623020279 1 1 1 1 1 1 1 1 1
154 1540 -0.6153852020515848 -0.020676277989910022 0.022782613332567002 0.9155474346000669 1 1 1 1 1 1 1 1 1
155 1550 -0.6022252039499251 -0.055980102106244246 0.036093189177978185 0.9166162000735242 1 1 1 1 1 1 1 1 1
156 1560 -0.612279194282774 -0.009307277504923165 0.006899613801144509 0.9157966201376418 1 1 1 1 1 1 1 1 1
157 1570 -0.6387373527394953 -0.03380880167686741 0.024411532363337374 0.9268019895458232 1 1 1 1 1 1 1 1 1
158 1580 -0.6540808652268522 -0.055202825472806305 0.013239065841766743 0.9266767646193639 1 1 1 1 1 1 1 1 1
159 1590 -0.6515351560237519 -0.04320818956794729 0.0003048749072908979 0.9289555533446104 1 1 1 1 1 1 1 1 1
160 1600 -0.6405319350979994 -0.037084523097148415 0.021572875171600687 0.928355460646192 1 1 1 1 1 1 1 1 1
161 1610 -0.6502596681315874 -0.026461456988850628 0.01185540450758453 0.9314512251011655 1 1 1 1 1 1 1 1 1
162 1620 -0.6445651157549642 -0.01249206961346863 2.1099526180547503e-05 0.9312696790355135 1 1 1 1 1 1 1 1 1
163 1630 -0.6545569290356407 -0.0006534552661654513 0.003723474603583364 0.9287411193217411 1 1 1 1 1 1 1 1 1
164 1640 -0.6558319618282471 -0.0030922404354466753 0.013468185688811357 0.9332747140287864 1 1 1 1 1 1 1 1 1
165 1650 -0.6553926459801398 -0.014188971754557255 0.003433578727468985 0.9343985757165215 1 1 1 1 1 1 1 1 1
166 1660 -0.6354392756168639 -0.011470245288222297 0.00021685581693019136 0.9330797407037392 1 1 1 1 1 1 1 1 1
167 1670 -0.6491562134044834 -0.0487330303303423 0.005064245560907026 0.934310863197908 1 1 1 1 1 1 1 1 1
168 1680 -0.6619151902858326 -0.0028117093149635287 0.010338482135115913 0.9388982096933443 1 1 1 1 1 1 1 1 1
169 1690 -0.6622129934642046 -0.014999362160713745 2.6292334012824105e-05 0.9424449433793709 1 1 1 1 1 1 1 1 1
170 1700 -0.6749598284810295 -0.00452528319709092 0.024137670698173734 0.9389410055147702 1 1 1 1 1 1 1 1 1
171 1710 -0.6817623639589918 -0.014741268069047662 0.009139415604262034 0.9382394843630874 1 1 1 1 1 1 1 1 1
172 1720 -0.6856223490612273 -0.01085252354804696 0.0046779951753302155 0.9403402641724395 1 1 1 1 1 1 1 1 1
173 1730 -0.6929029146230746 -0.0051926022800583334 0.0012348840033316 0.9414869726365077 1 1 1 1 1 1 1 1 1
174 1740 -0.6953830550614151 -0.018049145094263523 0.0056913877651248385 0.9405712251883681 1 1 1 1 1 1 1 1 1
175 1750 -0.713953210875468 -0.018959595600178222 0.021437982107036117 0.9403377644049465 1 1 1 1 1 1 1 1 1
176 1760 -0.7086102514077627 -0.042781672946104916 0.021676856710949106 0.9393634051716919 1 1 1 1 1 1 1 1 1
177 1770 -0.7303522207492766 -0.08391169283310233 0.009670911362035845 0.933627549070675 1 1 1 1 1 1 1 1 1
178 1780 -0.7270981629032979 -0.00937243983357514 0.03622001076849304 0.9375286276526009 1 1 1 1 1 1 1 1 1
179 1790 -0.7317092012450599 -0.008684141106691657 0.05105159911923501 0.9362123334934812 1 1 1 1 1 1 1 1 1
180 1800 -0.7352152590141896 -0.000512986792977504 0.04951604107882836 0.9296539850248359 1 1 1 1 1 1 1 1 1
181 1810 -0.7554239468799067 -0.002311721186896482 0.05450808359156609 0.9356377985526654 1 1 1 1 1 1 1 1 1
182 1820 -0.7690622330240575 -0.11120400051154514 0.004944062534711383 0.9388658240097549 1 1 1 1 1 1 1 1 1
183 1830 -0.7714849987055478 -0.011998594606475933 0.04780950578275985 0.9384656476704036 1 1 1 1 1 1 1 1 1
184 1840 -0.7689442974608748 -0.021560954551540445 0.047747424383089654 0.9409285134910953 1 1 1 1 1 1 1 1 1
185 1850 -0.7851657022566114 -0.021719926518122427 0.01291117388413309 0.9426585430291092 1 1 1 1 1 1 1 1 1
186 1860 -0.7952215268570412 -0.0016507414462786274 0.008805810451085427 0.9426012866566505 1 1 1 1 1 1 1 1 1
187 1870 -0.7899029961828874 -0.001055670597069253 0.005085303286632153 0.946672863956885 1 1 1 1 1 1 1 1 1
188 1880 -0.7898914092398313 -0.005435705001634044 0.0052568199504293344 0.9467821921653027 1 1 1 1 1 1 1 1 1
189 1890 -0.801392961013452 -0.03718624191543286 0.01553807125041529 0.9477770629547541 1 1 1 1 1 1 1 1 1
190 1900 -0.806439977534795 -0.017254630219053952 0.047454670019034806 0.9510781111946246 1 1 1 1 1 1 1 1 1
191 1910 -0.837028213114445 -0.09722212178324773 0.009268907608301187 0.9498995907040646 1 1 1 1 1 1 1 1 1
192 1920 -0.849395026101315 -0.08294693944148904 0.024266757963491783 0.9493794410295222 1 1 1 1 1 1 1 1 1
193 1930 -0.8609048375858037 -0.004273529532913386 0.05122562966319179 0.9524936058043642 1 1 1 1 1 1 1 1 1
194 1940 -0.8654381215171382 -0.03620360903582856 0.028855108759209432 0.9514534594959946 1 1 1 1 1 1 1 1 1
195 1950 -0.8718586250571695 -0.003111633871291926 0.059272518932926725 0.948967174095943 1 1 1 1 1 1 1 1 1
196 1960 -0.8712624469084373 -0.0005406605817136355 0.06063440526873538 0.9503804972692927 1 1 1 1 1 1 1 1 1
197 1970 -0.859965243326548 -0.02369472843784434 0.024381798479436063 0.9503204968299492 1 1 1 1 1 1 1 1 1
198 1980 -0.872749346932044 -0.021648740402273197 0.03267265739790873 0.9493398933098453 1 1 1 1 1 1 1 1 1
199 1990 -0.8795467023899077 -0.07865983483668913 0.010379835069285168 0.9511672923086045 1 1 1 1 1 1 1 1 1
200 2000 -0.8827650176061214 -0.023123308072159388 0.00518987545027998 0.9546497651219149 1 1 1 1 1 1 1 1 1
201 2010 -0.8876289012133076 -0.012770052192534945 0.01765519944160547 0.9537623442238142 1 1 1 1 1 1 1 1 1
202 2020 -0.8863894126226295 -0.040625882362558687 0.004655103764325895 0.9536337378044883 1 1 1 1 1 1 1 1 1
203 2030 -0.8727961346210069 -0.01029302626801728 0.006879818667052647 0.9552198055773142 1 1 1 1 1 1 1 1 1
204 2040 -0.8688007794004838 -0.004666814657181708 0.024839114107520266 0.9580916085280374 1 1 1 1 1 1 1 1 1
205 2050 -0.8668019188743606 -0.0015719217089011253 0.02566261529189955 0.9584172428666786 1 1 1 1 1 1 1 1 1
206 2060 -0.8724404947279355 -0.07158132669326085 0.014254434251676985 0.9625147563304007 1 1 1 1 1 1 1 1 1
207 2070 -0.8809369947955201 -0.07358869379020569 0.024629201291135827 0.9573820836430705 1 1 1 1 1 1 1 1 1
208 2080 -0.8754681439509697 -0.07783564534355292 0.028387121616953982 0.9575815377600884 1 1 1 1 1 1 1 1 1
209 2090 -0.8864988023534215 -0.057012186559028254 0.024281006896255362 0.958264760232697 1 1 1 1 1 1 1 1 1
210 2100 -0.8851772881433922 -0.036228687862545704 0.005758014969348052 0.9596068472743391 1 1 1 1 1 1 1 1 1
211 2110 -0.8826139854029962 -0.004765397692216117 0.039604082209507036 0.9618933577748713 1 1 1 1 1 1 1 1 1
212 2120 -0.8857658930829687 -0.03925947140828803 0.006753641447662002 0.9632166808152439 1 1 1 1 1 1 1 1 1
213 2130 -0.8869180575560071 -0.015444060121235254 0.00744662071354343 0.9627245659883559 1 1 1 1 1 1 1 1 1
214 2140 -0.8850746014419901 -0.007394846473364053 0.023723225067644745 0.9676611789118443 1 1 1 1 1 1 1 1 1
215 2150 -0.8879888382006489 -0.01875787951597988 0.005079362534701116 0.9692071865857155 1 1 1 1 1 1 1 1 1
216 2160 -0.9005159563256002 -0.012802423155537701 0.02250509390702453 0.9685600218094752 1 1 1 1 1 1 1 1 1
217 2170 -0.8996608811791706 -0.004009741620030928 0.04619644208372824 0.9695026668139317 1 1 1 1 1 1 1 1 1
218 2180 -0.9075536875931083 -0.005503024211866702 0.04562476886309556 0.9686789836190631 1 1 1 1 1 1 1 1 1
219 2190 -0.9062546074101941 -0.022477263012102105 0.015079217455250553 0.9691223052294007 1 1 1 1 1 1 1 1 1
220 2200 -0.910304237865953 -0.017833095885261392 0.06872679762228308 0.9702621282045532 1 1 1 1 1 1 1 1 1
221 2210 -0.9116437861647778 -0.0033284901522014202 0.1030802604744596 0.9731945009086429 1 1 1 1 1 1 1 1 1
222 2220 -0.9146380930127496 -0.0007738567939192264 0.10240282273925869 0.9732174658901356 1 1 1 1 1 1 1 1 1
223 2230 -0.9171083042615623 -0.00037576792914354243 0.008623917733336825 0.9740848466734644 1 1 1 1 1 1 1 1 1
224 2240 -0.9107108719005287 -0.0006368876736105028 0.02294830394400593 0.9739944417756166 1 1 1 1 1 1 1 1 1
225 2250 -0.916155742432161 -0.22428137171614934 0.023576883410061214 0.9737776246469281 1 1 1 1 1 1 1 1 1
226 2260 -0.903151947812145 -0.21745295860632946 0.022576055747875717 0.9745489279074417 1 1 1 1 1 1 1 1 1
227 2270 -0.9038948636259566 -0.2236554630458231 0.007299867625254676 0.9756277943071977 1 1 1 1 1 1 1 1 1
228 2280 -0.9093369832423521 -0.198065308848214 0.009168605388429545 0.9746642811386393 1 1 1 1 1 1 1 1 1
229 2290 -0.9096397406516775 -0.00784853849100605 0.01561797411315732 0.9754862429785419 1 1 1 1 1 1 1 1 1
230 2300 -0.9109163517008817 -0.005928852314622522 0.06993325261893006 0.975639397451078 1 1 1 1 1 1 1 1 1
231 2310 -0.9101790687183178 -0.06778054407071035 0.06720300160801904 0.9742823459867211 1 1 1 1 1 1 1 1 1
232 2320 -0.9202353117180664 -0.05441745122681848 0.1172652572676935 0.9757609791726957 1 1 1 1 1 1 1 1 1
233 2330 -0.9228563331907285 -0.03904059676309093 0.1504596048429329 0.9761166841173763 1 1 1 1 1 1 1 1 1
234 2340 -0.9201203380825136 -0.03541655618626547 0.18192395995807142 0.9768911321386038 1 1 1 1 1 1 1 1 1
235 2350 -0.9191557569850919 -0.03748422989701849 0.19847462095687815 0.9770216197093643 1 1 1 1 1 1 1 1 1
236 2360 -0.9201997767684514 -0.022246035498580105 0.19366179679857637 0.9774267998430836 1 1 1 1 1 1 1 1 1
237 2370 -0.919968663095157 -0.020511248106536227 0.003617711631839903 0.9765141223349262 1 1 1 1 1 1 1 1 1
238 2380 -0.9270156631617009 -0.010618206906917216 0.20631287674991178 0.9757831616893068 1 1 1 1 1 1 1 1 1
239 2390 -0.9256259200268592 -0.005051221354645183 0.20695657545232313 0.9761560664372038 1 1 1 1 1 1 1 1 1
240 2400 -0.9324552223340836 -0.015385797911624876 0.21138564835402535 0.9767237133210029 1 1 1 1 1 1 1 1 1
241 2410 -0.9318735912944169 -0.0011174228338960428 0.23049107061907698 0.9759670056068185 1 1 1 1 1 1 1 1 1
242 2420 -0.9320829222503167 -0.05606565811686437 0.002327272997186827 0.9768749681937315 1 1 1 1 1 1 1 1 1
243 2430 -0.9348470344797176 -0.015796006546045453 0.211548011712946 0.9764901297809813 1 1 1 1 1 1 1 1 1
244 2440 -0.9377645825266501 -0.024737732383900327 0.1830382117198283 0.9767971955687393 1 1 1 1 1 1 1 1 1
245 2450 -0.9384381140596191 -0.03652510085866024 0.1988866089399292 0.9777923523322888 1 1 1 1 1 1 1 1 1
246 2460 -0.9395352061190207 -0.04879811649537755 0.027939139233116375 0.9770017487746732 1 1 1 1 1 1 1 1 1
247 2470 -0.9392310393490199 -0.04935566956163832 0.02768619327720309 0.9774070715509379 1 1 1 1 1 1 1 1 1
248 2480 -0.9468942984678838 -0.2132974243081114 0.004524610186168363 0.9775797107453084 1 1 1 1 1 1 1 1 1
249 2490 -0.94856696657384 -0.00831253162357413 0.0031031364751559053 0.9773589654842645 1 1 1 1 1 1 1 1 1
250 2500 -0.9531074681880293 -0.005676915386902006 0.005415700799448986 0.9789789617671413 1 1 1 1 1 1 1 1 1
251 2510 -0.95357216921404 -0.18899266418627145 0.0034310881939933363 0.9786427648672286 1 1 1 1 1 1 1 1 1
252 2520 -0.9567880802217711 -0.18101568553874414 0.009288312500170029 0.976542833016127 1 1 1 1 1 1 1 1 1
253 2530 -0.9567947724015495 -0.009022705371294116 0.007367242280338062 0.9772078035683963 1 1 1 1 1 1 1 1 1
254 2540 -0.9570185583872803 -0.00826320126436738 0.05271421275615547 0.9772747666016852 1 1 1 1 1 1 1 1 1
255 2550 -0.9589311501774621 -0.05730486982695059 0.043702241773058495 0.9800403668388885 1 1 1 1 1 1 1 1 1
256 2560 -0.9579499576634761 -0.005266418600959352 0.014643419814953861 0.9818080852287027 1 1 1 1 1 1 1 1 1
257 2570 -0.958527492600416 -0.07751266501096722 0.0021168132018969405 0.9825140028163398 1 1 1 1 1 1 1 1 1
258 2580 -0.9591637009672742 -0.011927811072329987 0.03214121789803386 0.9836143794927428 1 1 1 1 1 1 1 1 1
259 2590 -0.9631777398490438 -0.03791062039328283 0.04980790241363137 0.983669807704735 1 1 1 1 1 1 1 1 1
260 2600 -0.9644635162929739 -0.043509636026362666 0.037526720328074775 0.9849026974961644 1 1 1 1 1 1 1 1 1
261 2610 -0.9651311683676408 -0.0312887158594966 0.050781824361396076 0.9853561677626865 1 1 1 1 1 1 1 1 1
262 2620 -0.9657019439197828 -0.032223839675285165 0.02982589039913801 0.9870032541599423 1 1 1 1 1 1 1 1 1
263 2630 -0.9656604158336298 -0.013026777617947235 0.01389092804390825 0.9871680630759626 1 1 1 1 1 1 1 1 1
264 2640 -0.9658670874828696 -0.004090749621172967 0.04238821225311951 0.985402309898928 1 1 1 1 1 1 1 1 1
265 2650 -0.9645476656951509 -0.010204495748223595 0.0027128791833003615 0.9852145223686767 1 1 1 1 1 1 1 1 1
266 2660 -0.9658879490656304 -0.04321675869056742 0.0036030899641603976 0.9856639225091659 1 1 1 1 1 1 1 1 1
267 2670 -0.9670035829547396 -0.005860473237471518 0.010155715944685261 0.9863232938619859 1 1 1 1 1 1 1 1 1
268 2680 -0.9663942834981837 -0.00019115034929144883 0.006838443383030329 0.9870046838441615 1 1 1 1 1 1 1 1 1
269 2690 -0.9666050471357781 -0.003480271969793014 0.0014266808802281428 0.9885087556266249 1 1 1 1 1 1 1 1 1
270 2700 -0.9713864687897773 -0.002492165534814289 0.0015340690368961926 0.9887340155791855 1 1 1 1 1 1 1 1 1
271 2710 -0.9718212288038526 -0.04002308143349148 0.042451325326585444 0.9884654523821261 1 1 1 1 1 1 1 1 1
272 2720 -0.9696287232258904 -0.031992167329720676 0.012378727029786405 0.9887360298528002 1 1 1 1 1 1 1 1 1
273 2730 -0.9729081818234283 -0.0566831605033463 0.030249244717526554 0.9898398798451857 1 1 1 1 1 1 1 1 1
274 2740 -0.9725479196113268 -0.07120566285949972 0.04164322226734549 0.9897900383865182 1 1 1 1 1 1 1 1 1
275 2750 -0.9704565854805528 -0.1015167198031934 0.0660117838394226 0.9899137213150061 1 1 1 1 1 1 1 1 1
276 2760 -0.9722419730426929 -0.15105852860413982 0.11139900122037352 0.9900447093887272 1 1 1 1 1 1 1 1 1
277 2770 -0.9742863263785163 -0.2010983593221843 0.15766881655861878 0.9907687752145088 1 1 1 1 1 1 1 1 1
278 2780 -0.9751076254597734 -0.217551001471929 0.1739440997026773 0.9907329532499942 1 1 1 1 1 1 1 1 1
279 2790 -0.9730702935301472 -0.23202602847762188 0.19054807893870934 0.989925517382767 1 1 1 1 1 1 1 1 1
280 2800 -0.9758944097404938 -0.2021651728432723 0.1584981923833 0.9896880298819063 1 1 1 1 1 1 1 1 1
281 2810 -0.9756157910046676 -0.20892921263694714 0.1615325467703559 0.9902049096953328 1 1 1 1 1 1 1 1 1
282 2820 -0.975181607423255 -0.18422162165067457 0.14232366549167708 0.9904060808383769 1 1 1 1 1 1 1 1 1
283 2830 -0.974868232558598 -0.21894407589321124 0.18644307663380977 0.9900102409429867 1 1 1 1 1 1 1 1 1
284 2840 -0.9746782413466925 -0.2236244798241136 0.19300134896946847 0.9900459151828395 1 1 1 1 1 1 1 1 1
285 2850 -0.9766744017467242 -0.25439462025362103 0.222493889369762 0.9900629345930192 1 1 1 1 1 1 1 1 1
286 2860 -0.9774339163754924 -0.2540233493875872 0.2268458984617 0.9904344431383719 1 1 1 1 1 1 1 1 1
287 2870 -0.9822700510310622 -0.26641601549358046 0.24127857138167078 0.9912404236623094 1 1 1 1 1 1 1 1 1
288 2880 -0.9817759177509828 -0.2783432016925435 0.2628227018777613 0.991598775921622 1 1 1 1 1 1 1 1 1
289 2890 -0.9827802265522139 -0.2851764092663364 0.27511217678986605 0.9915786549639733 1 1 1 1 1 1 1 1 1
290 2900 -0.9834654603078383 -0.3134945144902203 0.29512277474609716 0.9918414884430408 1 1 1 1 1 1 1 1 1
291 2910 -0.9839009708377959 -0.3072298007012292 0.29072665581942103 0.9919176521648887 1 1 1 1 1 1 1 1 1
292 2920 -0.9843364276759491 -0.2961790053846772 0.2837157401198301 0.9924094752112566 1 1 1 1 1 1 1 1 1
293 2930 -0.9837703211573475 -0.29759931007657253 0.29439879063855234 0.9926583046700983 1 1 1 1 1 1 1 1 1
294 2940 -0.9829639417465268 -0.2713709642472193 0.28470934021138367 0.9927556119836556 1 1 1 1 1 1 1 1 1
295 2950 -0.9828977205789351 -0.28237944260587017 0.29474447533772585 0.9928737065412192 1 1 1 1 1 1 1 1 1
296 2960 -0.9831441030617051 -0.2861903145359933 0.29330757459649204 0.9930645587430562 1 1 1 1 1 1 1 1 1
297 2970 -0.9820121984853669 -0.3491236733279981 0.343964995422343 0.9933188653555258 1 1 1 1 1 1 1 1 1
298 2980 -0.9812972849833899 -0.3569169968369742 0.3418996276564444 0.992762469982994 1 1 1 1 1 1 1 1 1
299 2990 -0.9819795080573313 -0.37120551812133457 0.360320361992819 0.9934700215413027 1 1 1 1 1 1 1 1 1
300 3000 -0.9815669327364843 -0.369279235507494 0.3589776066965864 0.9940866375869505 1 1 1 1 1 1 1 1 1
301 3010 -0.9804156002892533 -0.38252046946013774 0.37896825191748873 0.99462261173694 1 1 1 1 1 1 1 1 1
302 3020 -0.9809930713996609 -0.3834493188107358 0.36706146899277736 0.9947448543499899 1 1 1 1 1 1 1 1 1
303 3030 -0.9801503925014022 -0.3772249558715934 0.3491453228929341 0.994548854469845 1 1 1 1 1 1 1 1 1
304 3040 -0.9808433004433685 -0.40296844528651266 0.3719881942808173 0.9949759605651902 1 1 1 1 1 1 1 1 1
305 3050 -0.9814176870650619 -0.4391509085272361 0.40604151899960816 0.9950407507295551 1 1 1 1 1 1 1 1 1
306 3060 -0.9822620070409068 -0.44220125495062007 0.4060168013337333 0.9949776092015014 1 1 1 1 1 1 1 1 1
307 3070 -0.9818009827509185 -0.4422135667449821 0.4125303532106207 0.9957891988191695 1 1 1 1 1 1 1 1 1
308 3080 -0.9832059882237433 -0.4635299351776886 0.42301778711336097 0.9961709957926741 1 1 1 1 1 1 1 1 1
309 3090 -0.9838589779120335 -0.46258763738709463 0.41678133639306536 0.996313682446021 1 1 1 1 1 1 1 1 1
310 3100 -0.9839817555172635 -0.445996197907129 0.39552444067769277 0.9961434061702434 1 1 1 1 1 1 1 1 1
311 3110 -0.9835034358088365 -0.4280207464619793 0.3855704936334824 0.996563765967692 1 1 1 1 1 1 1 1 1
312 3120 -0.9826425177199024 -0.4237641614646528 0.3795892954209182 0.9965384659956331 1 1 1 1 1 1 1 1 1
313 3130 -0.9819869839384446 -0.38316317887416057 0.3450125241057008 0.9966020744155858 1 1 1 1 1 1 1 1 1
314 3140 -0.9807157072226019 -0.37821051929514005 0.34002268644303535 0.9966723045234834 1 1 1 1 1 1 1 1 1
315 3150 -0.9804703855400314 -0.36656091151602166 0.3309273137094313 0.9967518913596876 1 1 1 1 1 1 1 1 1
316 3160 -0.9800513448768398 -0.36820837748836105 0.33423988115901 0.9967335491409614 1 1 1 1 1 1 1 1 1
317 3170 -0.9793667596151404 -0.3595484775676654 0.3340843973734041 0.9967191346348443 1 1 1 1 1 1 1 1 1
318 3180 -0.9813091762202953 -0.3755349162028598 0.3447918201070121 0.996777841474631 1 1 1 1 1 1 1 1 1
319 3190 -0.9822832537370833 -0.3803170662554134 0.36439811136969874 0.9967237776229099 1 1 1 1 1 1 1 1 1
320 3200 -0.9830591693978158 -0.38635398540255084 0.3779866640563233 0.9967771430543677 1 1 1 1 1 1 1 1 1
321 3210 -0.9834836416588997 -0.35193345094369427 0.35493937867956593 0.9967859022487522 1 1 1 1 1 1 1 1 1
322 3220 -0.9842131663335904 -0.3336381172413297 0.3390756380673153 0.9970177554084176 1 1 1 1 1 1 1 1 1
323 3230 -0.9821417248953731 -0.3404435179238854 0.35160895825498495 0.9972938034476109 1 1 1 1 1 1 1 1 1
324 3240 -0.981928771181068 -0.35338773871933976 0.3588314245022699 0.9973283743013095 1 1 1 1 1 1 1 1 1
325 3250 -0.9817533900163947 -0.35531260350691735 0.36879030526059264 0.9974354804628628 1 1 1 1 1 1 1 1 1
326 3260 -0.9812556418476469 -0.3478352822177384 0.35752469426687544 0.9975403560333911 1 1 1 1 1 1 1 1 1
327 3270 -0.9838589358867663 -0.3453899334517785 0.35361416678543756 0.997747247437602 1 1 1 1 1 1 1 1 1
328 3280 -0.9847274718132788 -0.3916365220186031 0.399842336645778 0.9979978783010302 1 1 1 1 1 1 1 1 1
329 3290 -0.987258983909379 -0.4019041588134259 0.4033629221268561 0.9981627927493331 1 1 1 1 1 1 1 1 1
330 3300 -0.9871092915516668 -0.43343436932802865 0.43594735936249507 0.9980218470915068 1 1 1 1 1 1 1 1 1
331 3310 -0.9873311966942104 -0.4392778727530416 0.4443529378786631 0.9978976578678004 1 1 1 1 1 1 1 1 1
332 3320 -0.9868098751174874 -0.44275615936532225 0.44560965467307456 0.9977818802001254 1 1 1 1 1 1 1 1 1
333 3330 -0.9868271180317353 -0.44802852148200273 0.4468606807390105 0.9979408479636942 1 1 1 1 1 1 1 1 1
334 3340 -0.9867448515072595 -0.4630914059859489 0.45716432071755086 0.9981192006105155 1 1 1 1 1 1 1 1 1
335 3350 -0.987959279296073 -0.46162923982581516 0.45533989821363274 0.998263987842256 1 1 1 1 1 1 1 1 1
336 3360 -0.9880590743769478 -0.4468234166897189 0.4458539289775218 0.9982336774170318 1 1 1 1 1 1 1 1 1
337 3370 -0.9884493223154549 -0.4326033400336054 0.4329792276101885 0.9981503397670524 1 1 1 1 1 1 1 1 1
338 3380 -0.988614540651722 -0.4271722058548122 0.4236030886679648 0.997908839305523 1 1 1 1 1 1 1 1 1
339 3390 -0.988953974193046 -0.4105691988825646 0.39986001029382023 0.997852000774897 1 1 1 1 1 1 1 1 1
340 3400 -0.9910390798185811 -0.44229000819197817 0.4347515162442189 0.9983624068227924 1 1 1 1 1 1 1 1 1
341 3410 -0.9911206755212227 -0.4309875808264689 0.4250501012326513 0.9984173210843342 1 1 1 1 1 1 1 1 1
342 3420 -0.9917383024283111 -0.36894505728147814 0.35589309673823166 0.9986532254055487 1 1 1 1 1 1 1 1 1
343 3430 -0.9912183268196438 -0.32333697204451506 0.31613334471125326 0.9986680618528071 1 1 1 1 1 1 1 1 1
344 3440 -0.9911764232407029 -0.3144605699875121 0.3049927480122662 0.9988676846533638 1 1 1 1 1 1 1 1 1
345 3450 -0.9920242624291886 -0.3518896576378233 0.3412166087786137 0.9989407417858435 1 1 1 1 1 1 1 1 1
346 3460 -0.9931131217596451 -0.38111938000101825 0.36311331274204833 0.9990754342770273 1 1 1 1 1 1 1 1 1
347 3470 -0.9934855122993805 -0.3797975419522108 0.3623912890946333 0.9991381844119275 1 1 1 1 1 1 1 1 1
348 3480 -0.9933222373683531 -0.4276915819658931 0.4170919031193559 0.9991801824951687 1 1 1 1 1 1 1 1 1
349 3490 -0.9932413390606603 -0.4427777026947729 0.4262209077414617 0.9992240473475805 1 1 1 1 1 1 1 1 1
350 3500 -0.9933511049587003 -0.4388012445404296 0.4155518640374671 0.9992194563286853 1 1 1 1 1 1 1 1 1
351 3510 -0.993597046697629 -0.4262197629134157 0.4029844116634442 0.9992262201093461 1 1 1 1 1 1 1 1 1
352 3520 -0.9933757921840135 -0.4081635346199947 0.3830175857342424 0.9992039591591376 1 1 1 1 1 1 1 1 1
353 3530 -0.9932801402401717 -0.4123969115073438 0.38753498383015694 0.9992393772843712 1 1 1 1 1 1 1 1 1
354 3540 -0.993771666154582 -0.4382808543149598 0.41105472488696454 0.9992877903510647 1 1 1 1 1 1 1 1 1
355 3550 -0.9938252067748583 -0.445147243586974 0.4171318596954997 0.9993281073272728 1 1 1 1 1 1 1 1 1
356 3560 -0.9937234362517093 -0.4232953491982546 0.39692539294908585 0.9993179582906969 1 1 1 1 1 1 1 1 1
357 3570 -0.9941725379325411 -0.4059588172810268 0.39008206472286644 0.9993475400867818 1 1 1 1 1 1 1 1 1
358 3580 -0.9943921792835015 -0.36068371236601793 0.34812894926227156 0.9993936298002362 1 1 1 1 1 1 1 1 1
359 3590 -0.9944381294323804 -0.3850956732780866 0.3660491366585537 0.9993811989037891 1 1 1 1 1 1 1 1 1
360 3600 -0.9943243608665955 -0.41144360433535493 0.38678800071207803 0.999411525900581 1 1 1 1 1 1 1 1 1
361 3610 -0.9941436294295714 -0.4117238444591268 0.38888413212746203 0.9993810357946776 1 1 1 1 1 1 1 1 1
362 3620 -0.9952233224470177 -0.4171715667649427 0.404439341231772 0.9994727783175135 1 1 1 1 1 1 1 1 1
363 3630 -0.9954398900206369 -0.40952376586186495 0.4013263842333717 0.9994594490866099 1 1 1 1 1 1 1 1 1
364 3640 -0.9956433356875937 -0.4186682360864925 0.4111264857023533 0.999441877301125 1 1 1 1 1 1 1 1 1
365 3650 -0.9961819073786997 -0.4310723272483542 0.42242444055901157 0.9994976699000375 1 1 1 1 1 1 1 1 1
366 3660 -0.9961586203157871 -0.44294885956943153 0.43120545892489903 0.9993938736373873 1 1 1 1 1 1 1 1 1
367 3670 -0.9964846670983385 -0.5042601504614119 0.4958838909316335 0.9994112115632449 1 1 1 1 1 1 1 1 1
368 3680 -0.9963820124296123 -0.5235405900334621 0.5178577961242591 0.9994225701874189 1 1 1 1 1 1 1 1 1
369 3690 -0.9965959835563672 -0.5585381930823119 0.5548293983078538 0.9994531951762626 1 1 1 1 1 1 1 1 1
370 3700 -0.9966999578769374 -0.5301264869196255 0.5248611893149404 0.9994734142241337 1 1 1 1 1 1 1 1 1
371 3710 -0.9969334552102838 -0.5283444818976675 0.5209887956456484 0.9995336818343554 1 1 1 1 1 1 1 1 1
372 3720 -0.996840007190142 -0.5214945031767494 0.5196854556064985 0.9995501840214016 1 1 1 1 1 1 1 1 1
373 3730 -0.9969682552460731 -0.5236273552780429 0.5206546107779966 0.9995440916123227 1 1 1 1 1 1 1 1 1
374 3740 -0.9973905556090956 -0.5367532443248749 0.5394498246234325 0.9996043267325905 1 1 1 1 1 1 1 1 1
375 3750 -0.9974653848839393 -0.5434447310672693 0.5451472630773448 0.9996455031192033 1 1 1 1 1 1 1 1 1
376 3760 -0.9975354695392368 -0.5536903923245793 0.5527943846644692 0.9996492911274133 1 1 1 1 1 1 1 1 1
377 3770 -0.9975063733283097 -0.5617044771812958 0.5605989873140249 0.9996733301900679 1 1 1 1 1 1 1 1 1
378 3780 -0.9976488719033674 -0.598921087867029 0.5983976463834656 0.9996872870235157 1 1 1 1 1 1 1 1 1
379 3790 -0.997716832329429 -0.6088030941615155 0.6064723376701647 0.9997068510342604 1 1 1 1 1 1 1 1 1
380 3800 -0.9977190320348343 -0.6041913751613658 0.6002835495650921 0.9996975310636406 1 1 1 1 1 1 1 1 1
381 3810 -0.9976717303604341 -0.5859633493243666 0.5845958046412487 0.9996910974066759 1 1 1 1 1 1 1 1 1
382 3820 -0.9977373842986068 -0.5996675787611843 0.6007821513544889 0.9997303163493508 1 1 1 1 1 1 1 1 1
383 3830 -0.997856213320918 -0.6171720471169172 0.6189262012996318 0.9997400604100243 1 1 1 1 1 1 1 1 1
384 3840 -0.9978652271050403 -0.6167047515738228 0.6185647482266897 0.9997643207260117 1 1 1 1 1 1 1 1 1
385 3850 -0.9979215517733633 -0.6257756454645289 0.630653326078463 0.9997754490325876 1 1 1 1 1 1 1 1 1
386 3860 -0.998021129354684 -0.6461601497315544 0.6502228747040003 0.9997858254857711 1 1 1 1 1 1 1 1 1
387 3870 -0.9979865695711265 -0.6448920057426394 0.648394858342493 0.9997780051672891 1 1 1 1 1 1 1 1 1
388 3880 -0.9981446851903697 -0.6397172258340956 0.6435624314746148 0.9997909505063608 1 1 1 1 1 1 1 1 1
389 3890 -0.9985329177677259 -0.6782180886984295 0.6849170475649834 0.9998323044237734 1 1 1 1 1 1 1 1 1
390 3900 -0.9986967883719525 -0.7042576176621483 0.7062248330401855 0.9998423873013262 1 1 1 1 1 1 1 1 1
391 3910 -0.9987549412275935 -0.697084895075616 0.699820029300466 0.9998610015857504 1 1 1 1 1 1 1 1 1
392 3920 -0.998724600801065 -0.687234271409167 0.6908726232955956 0.9998679395213386 1 1 1 1 1 1 1 1 1
393 3930 -0.9987651821986678 -0.6935467961483246 0.6970463985477475 0.9998732959261956 1 1 1 1 1 1 1 1 1
394 3940 -0.9987362191667344 -0.6806932517206298 0.6820534183254992 0.9998714913047508 1 1 1 1 1 1 1 1 1
395 3950 -0.9987157146477753 -0.6692179762628611 0.669170939007407 0.9998733517006125 1 1 1 1 1 1 1 1 1
396 3960 -0.9988577170375514 -0.6706980343778505 0.6704829559493394 0.99988823553432 1 1 1 1 1 1 1 1 1
397 3970 -0.9988285362851358 -0.650668725192359 0.6519819569286364 0.9998860926167031 1 1 1 1 1 1 1 1 1
398 3980 -0.9988787784493331 -0.650285437048748 0.6512486774854888 0.9998894026869047 1 1 1 1 1 1 1 1 1
399 3990 -0.9989460709701006 -0.6478082941455081 0.6486107758501779 0.9998947703463755 1 1 1 1 1 1 1 1 1
400 4000 -0.9990215453989015 -0.642132159544054 0.6439797676987267 0.9999010259366212 1 1 1 1 1 1 1 1 1
401 4010 -0.9989121518312463 -0.6466497373427601 0.6479273724283194 0.9998954954008474 1 1 1 1 1 1 1 1 1
402 4020 -0.9989250629304538 -0.6447804049502485 0.6487789520384583 0.9998973214481064 1 1 1 1 1 1 1 1 1
403 4030 -0.9989141472949448 -0.6480861463220582 0.6526447600432153 0.9998949576322466 1 1 1 1 1 1 1 1 1
404 4040 -0.9989500418327475 -0.6510225385787983 0.6572274743535587 0.99989699723767 1 1 1 1 1 1 1 1 1
405 4050 -0.9988959658543111 -0.6485092355611751 0.6534312477307291 0.9998988137506853 1 1 1 1 1 1 1 1 1
406 4060 -0.9988464887709698 -0.6275841975394559 0.6333306919093091 0.9998993502451592 1 1 1 1 1 1 1 1 1
407 4070 -0.9990969797283615 -0.6872162625510403 0.6913549749620866 0.9999203396897332 1 1 1 1 1 1 1 1 1
408 4080 -0.9991527891203865 -0.7090077449227479 0.7140539898036655 0.9999261727448836 1 1 1 1 1 1 1 1 1
409 4090 -0.9992858466159182 -0.7615476400758491 0.7655435934611738 0.9999367603831161 1 1 1 1 1 1 1 1 1
410 4100 -0.9993899348814151 -0.7923103329812614 0.7959922059886206 0.9999450493690132 1 1 1 1 1 1 1 1 1
411 4110 -0.9994257968691908 -0.8081734596957428 0.8122936536009432 0.9999486906461326 1 1 1 1 1 1 1 1 1
412 4120 -0.999429935725731 -0.813541083812182 0.8160936417184895 0.9999510324267555 1 1 1 1 1 1 1 1 1
413 4130 -0.9994483881478273 -0.82157569185108 0.823870209858519 0.9999542642921201 1 1 1 1 1 1 1 1 1
414 4140 -0.9994769336083943 -0.8185469833083712 0.8209088347548142 0.9999555392090598 1 1 1 1 1 1 1 1 1
415 4150 -0.9995030806936793 -0.8173409136272443 0.8195986865997062 0.9999545284196427 1 1 1 1 1 1 1 1 1
416 4160 -0.9995256949532003 -0.8150746887485021 0.818737219429062 0.9999561158707602 1 1 1 1 1 1 1 1 1
417 4170 -0.9995371273881717 -0.8050901402904191 0.8092791273069021 0.9999555476327191 1 1 1 1 1 1 1 1 1
418 4180 -0.9995451025937059 -0.808652555211669 0.8128024417236706 0.9999578423441243 1 1 1 1 1 1 1 1 1
419 4190 -0.9995292684786592 -0.8037560015105993 0.8073893295887917 0.9999593063018191 1 1 1 1 1 1 1 1 1
420 4200 -0.9995574169032203 -0.8121728672150675 0.8150047204130298 0.9999633616364352 1 1 1 1 1 1 1 1 1
421 4210 -0.9995383845066211 -0.8116188301680453 0.8142413932826171 0.9999633453991986 1 1 1 1 1 1 1 1 1
422 4220 -0.9995670093037844 -0.8185813473073713 0.8205354710889927 0.999967268124387 1 1 1 1 1 1 1 1 1
423 4230 -0.9995925172053595 -0.825037972242043 0.8283306904428994 0.9999664755200184 1 1 1 1 1 1 1 1 1
424 4240 -0.9996365881566789 -0.8427558420272295 0.8457179604665015 0.9999682787388638 1 1 1 1 1 1 1 1 1
425 4250 -0.9996559006692691 -0.8379567271875015 0.8409719901763396 0.9999704508270485 1 1 1 1 1 1 1 1 1
426 4260 -0.9996641810830598 -0.8377069403404054 0.8403245785011835 0.9999691387734907 1 1 1 1 1 1 1 1 1
427 4270 -0.9996672283235388 -0.8421429428883356 0.8452427788910475 0.9999701462036086 1 1 1 1 1 1 1 1 1
428 4280 -0.9996670377424298 -0.837809197329164 0.840561259769613 0.9999707498586571 1 1 1 1 1 1 1 1 1
429 4290 -0.9996898653404676 -0.8470297720364298 0.8500298082223119 0.9999723098723754 1 1 1 1 1 1 1 1 1
430 4300 -0.9997164934480296 -0.8477929461580903 0.8495168137060866 0.9999753008012192 1 1 1 1 1 1 1 1 1
431 4310 -0.9997606798395917 -0.8501102590044197 0.8518073684975742 0.9999770740630842 1 1 1 1 1 1 1 1 1
432 4320 -0.9997625061640253 -0.8448657683387915 0.8466595776674002 0.9999767343092051 1 1 1 1 1 1 1 1 1
433 4330 -0.9997717125667965 -0.8478145400461512 0.849088567417461 0.9999779979844617 1 1 1 1 1 1 1 1 1
434 4340 -0.9997843863212875 -0.8565523485714311 0.8578843929034089 0.9999814456282233 1 1 1 1 1 1 1 1 1
435 4350 -0.9997941118816397 -0.8517847901020303 0.8540131475347694 0.9999817530597398 1 1 1 1 1 1 1 1 1
436 4360 -0.9997939491002367 -0.8566495467373746 0.8593342666601185 0.9999819327340238 1 1 1 1 1 1 1 1 1
437 4370 -0.9998161338981423 -0.8541459499011506 0.8570722894685145 0.9999824423860427 1 1 1 1 1 1 1 1 1
438 4380 -0.9998227584610512 -0.862643531671684 0.8648773379837296 0.9999836048263805 1 1 1 1 1 1 1 1 1
439 4390 -0.9998367384044803 -0.8629420544464139 0.8648350070452242 0.9999852557733744 1 1 1 1 1 1 1 1 1
440 4400 -0.9998348735209444 -0.861409955215624 0.8632156067225978 0.9999856737022513 1 1 1 1 1 1 1 1 1
441 4410 -0.9998499866345646 -0.8749261015808444 0.8759281196005853 0.9999865756986875 1 1 1 1 1 1 1 1 1
442 4420 -0.9998583891023862 -0.8803981268665931 0.8811244605783272 0.9999870548387596 1 1 1 1 1 1 1 1 1
443 4430 -0.9998534952127421 -0.8744177120932727 0.8753013668142504 0.9999861429878344 1 1 1 1 1 1 1 1 1
444 4440 -0.9998537618049286 -0.8742858246300006 0.8749658618517496 0.999986233865949 1 1 1 1 1 1 1 1 1
445 4450 -0.999852805523774 -0.8420430143435066 0.8423460725503039 0.9999857402745784 1 1 1 1 1 1 1 1 1
446 4460 -0.9998515715156144 -0.8174968946769529 0.8176506407019254 0.9999859419824813 1 1 1 1 1 1 1 1 1
447 4470 -0.9998637307842487 -0.8043695769009968 0.8035883616218268 0.9999859775891088 1 1 1 1 1 1 1 1 1
448 4480 -0.9998683429975493 -0.8076005872193455 0.806506582297288 0.9999864736970902 1 1 1 1 1 1 1 1 1
449 4490 -0.9998713705499331 -0.7988662867700068 0.7976787630295008 0.9999862340347637 1 1 1 1 1 1 1 1 1
450 4500 -0.9998741994999931 -0.8132594125714904 0.8117411986566185 0.9999872932124375 1 1 1 1 1 1 1 1 1
451 4510 -0.9998943021426804 -0.8128934120157132 0.8113249855784426 0.9999879466465361 1 1 1 1 1 1 1 1 1
452 4520 -0.9998964177895181 -0.8063980187186606 0.8047483095879732 0.9999879137199505 1 1 1 1 1 1 1 1 1
453 4530 -0.9998961027435622 -0.7825584326696261 0.7802523286622183 0.9999889936460639 1 1 1 1 1 1 1 1 1
