% # columns="iteration, evaluation, sigma, axis ratio, bestever, best, median, worst objective function value, further objective values of best", seed=110547, Wed Jul 29 16:13:48 2020, <python>{}</python>
1 11 0.09359009826354833 1.000045455578528 2.0606590134007488 2.0606590134007488e+00 375426.81886502006 31730254.9489519   
570 5700 1.3649907684093704e-10 2935.3009343726853 3.3635217469270076e-05 3.3635217469270076e-05 3.363522041265413e-05 3.363522164774113e-05   
2 22 0.09152407345651475 1.1432825929496964 1.8316902783304079 1.8316902783304079e+00 71835.25939523142 3655044.900280846   
571 5710 1.2919780990922328e-10 2940.635983155884 3.363521709156614e-05 3.3635217091566138e-05 3.363521912135775e-05 3.3635222238447337e-05   
3 33 0.0907792594980378 1.275566054733286 1.8316902783304079 2.5330168311056571e+00 107.09332190145395 183091.5356775229   
572 5720 1.2692383406975846e-10 2969.807350460228 3.363521709156614e-05 3.3635218097242901e-05 3.363521939042677e-05 3.363522190961556e-05   
573 5730 1.1724826485071541e-10 3023.9681460849265 3.363521709156614e-05 3.3635218379917474e-05 3.363522055826845e-05 3.36352220603221e-05   
4 44 0.09149266114524508 1.3019142781238588 1.8097636444576302 1.8097636444576302e+00 3.73711738141985 233283.52314185898   
574 5740 1.072439818669763e-10 2990.129947463273 3.363521709156614e-05 3.3635217706012708e-05 3.363522007274589e-05 3.363522140159607e-05   
5 55 0.0883233116367225 1.3442864151122165 1.6948999264152687 1.6948999264152687e+00 24.373224831624903 1311.1674008873294   
575 5750 9.923080373415467e-11 2988.912017915938 3.363521709156614e-05 3.3635217857993119e-05 3.363521909496722e-05 3.3635220341266804e-05   
6 66 0.08583347377197055 1.3618201427381702 1.6002435084467543 1.6002435084467543e+00 3.1076467481283974 38380.601472216345   
576 5760 9.544567210698466e-11 3094.6702778757904 3.363521709156614e-05 3.3635217320807284e-05 3.3635218341430885e-05 3.363522005907361e-05   
7 77 0.08575235554622776 1.3550627352765967 1.6002435084467543 1.7037427489050325e+00 5.779000350057467 414725.63970539515   
577 5770 8.73619310853584e-11 3101.9689283589846 3.36352169237464e-05 3.3635216923746400e-05 3.363521788065204e-05 3.363521947357615e-05   
8 88 0.08080335124674103 1.441349727794088 1.5811067948904378 1.5811067948904378e+00 4.230671450722695 4854505.987589341   
578 5780 8.049978321191942e-11 3099.8487951634283 3.36352166264291e-05 3.3635216626429101e-05 3.363521845734072e-05 3.3635218780157225e-05   
9 99 0.0821910916807111 1.4926524154180847 1.5811067948904378 1.8729488148075799e+00 3.203799767304719 34104.06796894512   
579 5790 7.708727984018444e-11 3231.555411310837 3.36352166264291e-05 3.3635217480506415e-05 3.3635218375201716e-05 3.363521955144485e-05   
10 110 0.08121587747001978 1.567342100938947 1.3886464536564473 1.3886464536564473e+00 2.428628776092809 2512.277780550733   
580 5800 7.504317046093797e-11 3098.4422872506734 3.36352166264291e-05 3.3635216779383966e-05 3.363521758407132e-05 3.363521889618114e-05   
11 121 0.08414058139750354 1.5726622950273874 0.6293016834795873 6.2930168347958726e-01 2.9218396618051914 165313.08396339335   
581 5810 6.999319097707775e-11 3129.7404143612266 3.36352166264291e-05 3.3635216811632469e-05 3.363521791820183e-05 3.363521947463021e-05   
12 132 0.08232087368240436 1.6275548503813857 0.6293016834795873 1.0451945884857092e+00 4.748848695359716 4737838.466402864   
582 5820 6.706302285937775e-11 3169.1833946688857 3.36352166264291e-05 3.3635217159910252e-05 3.363521771952346e-05 3.3635218499419694e-05   
583 5830 5.865365703755556e-11 3250.4909198570435 3.363521650862714e-05 3.3635216508627140e-05 3.36352174844645e-05 3.3635218477391905e-05   
13 143 0.07368777995870786 1.7112492606199128 0.6293016834795873 1.0549366985693203e+00 2.542532254819887 72.21855182892827   
584 5840 5.219346432761718e-11 3433.8736109960305 3.363521650862714e-05 3.3635216592813277e-05 3.3635217308635576e-05 3.3635217708318196e-05   
14 154 0.07456563708828574 1.7504848342804693 0.4202012432308895 4.2020124323088948e-01 2.0989472162104867 262.6117555844161   
585 5850 4.8948775501083604e-11 3568.6351647041924 3.36352164185908e-05 3.3635216418590797e-05 3.363521702394404e-05 3.3635217584382924e-05   
15 165 0.07573615720919853 1.8262164576678448 0.4202012432308895 7.6314375043626914e-01 2.2091044157005983 10561.580551290434   
586 5860 4.4766489370349756e-11 3625.6090381594736 3.363521628421721e-05 3.3635216284217213e-05 3.3635216999056804e-05 3.363521754937659e-05   
16 176 0.072502236020907 1.95429317412516 0.3519070016072796 3.5190700160727961e-01 1.685942710306568 2338.6483313860645   
587 5870 4.0481368140932984e-11 3746.9148181001656 3.363521628421721e-05 3.3635216285893437e-05 3.363521673091965e-05 3.363521732258014e-05   
17 187 0.06769492894556255 1.9792419371829502 0.3519070016072796 5.1806206478353700e-01 2.106471190983261 1241.4317953401621   
588 5880 3.650738656307648e-11 3692.449792424885 3.36352162022661e-05 3.3635216202266097e-05 3.363521647655521e-05 3.3635217207544864e-05   
18 198 0.06687274656246213 1.9813059320471884 0.3519070016072796 5.1551856405709962e-01 14.475773451989213 14715.620638326849   
589 5890 3.165672260707121e-11 3718.2883411370362 3.363521611577487e-05 3.3635216115774872e-05 3.3635216365326343e-05 3.363521699488677e-05   
19 209 0.0630806518270461 2.101315215761288 0.3519070016072796 6.1985381739175249e-01 1.7828218300222685 163.03589829807817   
590 5900 3.128265720542716e-11 3862.380865604741 3.363521611577487e-05 3.3635216204086615e-05 3.3635216418947723e-05 3.363521657398538e-05   
20 220 0.06259406254772125 2.1783443745391455 0.3519070016072796 7.5967915982185452e-01 1.912513892917147 230925.01632143164   
591 5910 3.165382950680723e-11 4082.6067085500576 3.363521611577487e-05 3.3635216180568495e-05 3.363521632199913e-05 3.363521661697797e-05   
592 5920 3.0382423846612564e-11 4161.040579235622 3.363521611577487e-05 3.3635216171016342e-05 3.3635216504601504e-05 3.363521673114077e-05   
21 231 0.06554474000645095 2.364986926075977 0.3519070016072796 8.7639715351160508e-01 2.0822847855903013 108757.17281444294   
593 5930 2.879124760092153e-11 4324.937943022567 3.363521610445549e-05 3.3635216104455490e-05 3.363521637883679e-05 3.363521657046616e-05   
22 242 0.07204083222787223 2.614223383063739 0.3519070016072796 7.0608989742855321e-01 4.603467807390558 1613.833732218204   
594 5940 2.8769501351260332e-11 4426.495086711673 3.363521610445549e-05 3.3635216117859806e-05 3.3635216338820995e-05 3.3635216628133345e-05   
23 253 0.07747865080291191 2.708205121144521 0.3519070016072796 9.3849238911215371e-01 1.6458348621414498 12.67667551217651   
595 5950 2.9312317966387995e-11 4783.5144697365495 3.3635215918861355e-05 3.3635215918861355e-05 3.363521628731154e-05 3.3635216410542744e-05   
24 264 0.08266367634329295 2.8368207001665446 0.3519070016072796 8.2975422190215831e-01 2.1077401209354862 393.4962011139223   
596 5960 2.7718255141433257e-11 5105.050421776213 3.363521591050118e-05 3.3635215910501181e-05 3.3635216263873196e-05 3.363521660045445e-05   
25 275 0.07899336919194248 2.986864006382468 0.3519070016072796 4.7341737941762801e-01 3.2638904930997223 59.654953290824594   
597 5970 2.533303192153332e-11 5507.334194346841 3.363521591050118e-05 3.3635216008436729e-05 3.363521634235856e-05 3.363521648403238e-05   
26 286 0.07559233217206802 3.0968754267607643 0.3019433615350061 3.0194336153500612e-01 2.4255177252351854 5048.556971225757   
598 5980 2.313343305536546e-11 5621.450897727683 3.363521591050118e-05 3.3635215980247886e-05 3.36352162359029e-05 3.3635216494110845e-05   
27 297 0.07624220722361007 3.147852293876183 0.3019433615350061 1.2911615852253995e+00 1.9475117192270084 935.6039264414509   
599 5990 2.1048144055027605e-11 5703.6575121195165 3.363521591050118e-05 3.3635215964237757e-05 3.363521616723737e-05 3.3635216252054816e-05   
28 308 0.07012203238660777 3.186618316929628 0.3019433615350061 6.4434407331637655e-01 1.7619515178355654 3576.8917580252064   
600 6000 1.888268851879752e-11 5470.971343918993 3.363521590652436e-05 3.3635215906524361e-05 3.363521604872672e-05 3.363521619242408e-05   
29 319 0.06866771021647883 3.2523260240618552 0.3019433615350061 3.3622880055363519e-01 2.986628248223014 19833.505570467303   
601 6010 1.802427591169146e-11 5507.475482410907 3.363521590652436e-05 3.3635215917396754e-05 3.36352160334072e-05 3.3635216373253074e-05   
30 330 0.06494316863256856 3.328391609872853 0.21086964313044693 2.1086964313044693e-01 1.746677900322774 673.4408762270403   
602 6020 1.711195539767009e-11 5517.253191418744 3.363521590190104e-05 3.3635215901901038e-05 3.363521604101948e-05 3.363521618607234e-05   
603 6030 1.6008725664046588e-11 5822.168644379094 3.363521586953446e-05 3.3635215869534459e-05 3.3635215994796355e-05 3.363521629095717e-05   
31 341 0.06460481764413999 3.45012992485939 0.12444666450042688 1.2444666450042688e-01 1.343134584352219 90.82170402621261   
604 6040 1.52708848033199e-11 5839.282607468283 3.363521586953446e-05 3.3635215871717195e-05 3.3635216007109456e-05 3.363521613130276e-05   
32 352 0.06365552843391094 3.6632962222553607 0.12444666450042688 1.9332401584284781e-01 1.5018144095678743 353.86675072206424   
605 6050 1.4572724108781776e-11 6074.3525455449735 3.3635215791947434e-05 3.3635215791947434e-05 3.3635216000633957e-05 3.363521613967926e-05   
33 363 0.06341437561478476 3.857428824782898 0.12444666450042688 2.5100341751441252e-01 1.1709709774766741 31.488280943097305   
606 6060 1.522164699285113e-11 6021.844607658334 3.3635215791947434e-05 3.3635215897232660e-05 3.363521601392917e-05 3.363521618512862e-05   
34 374 0.06532907710041 3.9513856555396707 0.12444666450042688 3.1130869278537499e-01 2.3231188083385277 67.2860117424976   
607 6070 1.456697264874301e-11 6390.487709949613 3.3635215791947434e-05 3.3635215792042661e-05 3.363521598647424e-05 3.363521612391739e-05   
35 385 0.060766675862553604 4.183083920015784 0.12444666450042688 6.7562108885542260e-01 1.4946241555595403 26459.63412685655   
608 6080 1.3052575373455822e-11 6490.655030361927 3.363521576835653e-05 3.3635215768356530e-05 3.3635215940221764e-05 3.363521606894326e-05   
36 396 0.05894745212426697 4.305043412704755 0.12444666450042688 1.3089874628024731e-01 1.006240967805518 4.889715523935131   
37 407 0.05382891938221698 4.3959011191926045 0.12444666450042688 7.2397705657809719e-01 1.6653806964729148 5.918617965301113   
38 418 0.05559294346415927 4.510571411604645 0.12444666450042688 3.5131782455704630e-01 0.9768470869024909 162.5514829414709   
39 429 0.05956720114533549 4.592424645211276 0.12444666450042688 6.0549800515185193e-01 1.234004969759301 22.73938330289377   
40 440 0.05722371002920884 4.6353615436538345 0.12444666450042688 1.5510847126894134e-01 1.1476032825937983 529.9413261324339   
41 451 0.05344746551103652 4.868580736901914 0.12444666450042688 1.6960464683287307e-01 0.9561210958393844 7.662133768538204   
42 462 0.05349099311592893 4.886130446065647 0.12444666450042688 1.8595701159106723e-01 0.9109126400956625 3.493674774294048   
43 473 0.0503250181109492 4.886990421152188 0.12444666450042688 3.0034587680931935e-01 1.2262359016875695 9.002398396100022   
44 484 0.04570918224308845 4.941383698413205 0.12444666450042688 1.6356956180291113e-01 1.1886018468628734 2.8144636728798824   
45 495 0.04313023734920977 5.053478126523833 0.06744629394985804 6.7446293949858044e-02 0.9502153649747235 3.866284140714442   
46 506 0.04053655998700957 5.0585475506780115 0.06744629394985804 9.8991614799679162e-02 0.6801058837094421 3.609516661001406   
47 517 0.03887814698646816 5.158382242350631 0.06744629394985804 2.5746073997080865e-01 0.8333817499234407 19.25258323797765   
48 528 0.03752516004067691 5.238788806292281 0.06744629394985804 7.7354363673462101e-02 0.3563569520658342 1.3074195875462373   
49 539 0.03625112770712084 5.255346114830162 0.06744629394985804 9.3727515131131700e-02 0.2914467406146483 0.9064348475354482   
50 550 0.034311146736086 5.291720568631194 0.06744629394985804 1.6037647565476862e-01 0.2996874473225625 2.8124524555434216   
51 561 0.034456246026168105 5.690423685155884 0.0488793967163364 4.8879396716336398e-02 0.24666993386253439 9.062876604282316   
52 572 0.030980361216738566 5.957238278141809 0.03812805472328791 3.8128054723287910e-02 0.15563321930496082 2.022964784804875   
53 583 0.02772914940662494 6.0600940674288895 0.03812805472328791 4.2439854295602389e-02 0.39789959948968273 1.1649176833803965   
54 594 0.0272202853373413 6.095551019758916 0.03812805472328791 3.9653862178328357e-02 0.19435442729577007 0.6127569961801143   
55 605 0.02773999972936298 6.453846859581586 0.03812805472328791 9.7616898873553543e-02 0.1951227370158209 1.2853107285724563   
56 616 0.026299366051723002 6.697325223486964 0.03812805472328791 8.5575920478779460e-02 0.3549960919629238 1.3720759916358978   
57 627 0.02477959363676088 6.868620369386504 0.03812805472328791 4.8768251756599962e-02 0.1495970628559215 0.2929895261951175   
58 638 0.023842146783724812 6.93945819611017 0.03812805472328791 4.5815751929649935e-02 0.17192950160028442 0.38080052452561364   
59 649 0.021149338784376966 7.106114084150653 0.03812805472328791 5.7653623509555843e-02 0.16025147630018333 0.7986584023695993   
60 660 0.019899875920270715 7.450090792551389 0.03812805472328791 4.3591415328062086e-02 0.15973430389337734 0.2945035606263982   
61 671 0.018794770350654962 7.812681945495446 0.028901390882521638 2.8901390882521638e-02 0.10028369305715962 0.3578981579529824   
62 682 0.0166914416042188 8.277811857139081 0.028901390882521638 3.8051672940589955e-02 0.11771067711293808 0.23391714761521917   
63 693 0.01614298064483765 8.464570225943136 0.028901390882521638 3.1615667652756550e-02 0.05606526462248667 0.0941611730357991   
64 704 0.016320751696577915 8.711326937507735 0.028901390882521638 3.5976357069525282e-02 0.07482927268579248 0.19412603175186866   
65 715 0.015441190513771484 8.93028654246247 0.028901390882521638 4.0068590941643299e-02 0.07786224483712334 0.1552969997067161   
66 726 0.014690754081228625 8.980069845603953 0.028901390882521638 2.9703281781937815e-02 0.059962343543876924 0.21103456247867752   
67 737 0.014128162674912135 9.121968920966593 0.02583985976608428 2.5839859766084279e-02 0.050740937400494644 0.07428607580506469   
68 748 0.01400127796463219 9.025244602163333 0.02583985976608428 3.1898742249159076e-02 0.04939384691805573 0.1100789671783596   
69 759 0.014355085876413393 9.16409585128761 0.02583985976608428 2.8513333233433889e-02 0.03444894782652416 0.06609288184087417   
70 770 0.015153996994753493 9.24002912436956 0.025783945422860995 2.5783945422860995e-02 0.045039250799484766 0.08580835473894785   
71 781 0.014753242479613586 9.404319041500909 0.025783945422860995 2.7757802934328637e-02 0.046485689770536937 0.09252755176518024   
72 792 0.01416919779750326 9.776658067841447 0.02277316722140277 2.2773167221402772e-02 0.042175058243718165 0.09363516674695486   
73 803 0.015617496492490198 9.60748474455158 0.01978913695492365 1.9789136954923649e-02 0.028000275498721548 0.0707989742539926   
74 814 0.016562559541405418 10.060774672801351 0.01978913695492365 2.3255744657439639e-02 0.042886467547084466 0.09314194402698758   
75 825 0.016464826348085763 10.42098819517671 0.01978913695492365 2.2381213446656226e-02 0.044563550528166795 0.0779366901535411   
76 836 0.016210125279010182 10.556842382209531 0.01978913695492365 2.2482524064150022e-02 0.038297714394503427 0.053143038306625846   
77 847 0.016014226653287132 10.930790923087608 0.019434711738977685 1.9434711738977685e-02 0.03959419905161528 0.08161856130410969   
78 858 0.01488903448904029 10.883757079954421 0.016829687213581114 1.6829687213581114e-02 0.035068541339001856 0.07315876623948306   
79 869 0.014813812032300477 11.009945376175887 0.015071709110706964 1.5071709110706964e-02 0.03571633092640247 0.05181318740782699   
80 880 0.014962138653874241 11.55741773862402 0.0125874329106033 1.2587432910603300e-02 0.028013422821368913 0.04947637843951173   
81 891 0.01587827562969509 11.8579846865321 0.010233481974572613 1.0233481974572613e-02 0.02459721195576268 0.042353937004194285   
82 902 0.016967951236878203 12.631715914444635 0.010233481974572613 1.1686886893718133e-02 0.01950244882577442 0.03141996041655905   
83 913 0.017207040134771798 13.411139329719296 0.010233481974572613 1.1030047296680660e-02 0.029228378303923757 0.08298732220176762   
84 924 0.018333172426391847 14.019008144650469 0.00924066578350507 9.2406657835050702e-03 0.032721635888950246 0.06700402885926643   
85 935 0.02016711398671563 16.425143370295803 0.00924066578350507 1.0741457213928959e-02 0.024465630923009705 0.04838473667502283   
86 946 0.020348681944280023 17.145062639895173 0.004847094554212067 4.8470945542120666e-03 0.016559784956148606 0.043412503889346366   
87 957 0.018806701921836744 18.171126823060206 0.004847094554212067 6.1275568163918406e-03 0.021604907372600884 0.12203333225906432   
88 968 0.01897052748473046 19.247926567662105 0.004847094554212067 8.0189936217134241e-03 0.015092733975269224 0.06214335749555129   
89 979 0.01839808310627211 19.99875101138119 0.004847094554212067 7.0520549809340149e-03 0.02175431527322708 0.0326690610382147   
90 990 0.018566817335519917 20.099964832930244 0.004847094554212067 7.5251610793167032e-03 0.013632585019034808 0.03217996149305358   
91 1001 0.018376473433751154 20.907085576628642 0.004847094554212067 6.3091568035375158e-03 0.014390651387503135 0.03290316885254019   
92 1012 0.01817147438393715 22.011787236981924 0.004847094554212067 1.1053951112031736e-02 0.019032523950992915 0.039421537332807115   
93 1023 0.01827681415504434 22.34612009816913 0.004847094554212067 9.9110254844297294e-03 0.014345449460291676 0.033450581550324245   
94 1034 0.01864906006050558 23.288796466529256 0.004847094554212067 8.9876859321279864e-03 0.019611577539253622 0.03590087351499953   
95 1045 0.018334459590278414 23.81528164155116 0.004847094554212067 1.1693835756774545e-02 0.02709652422029485 0.04527531124533929   
96 1056 0.017284137648883674 24.597521237517324 0.004847094554212067 5.9584217117485605e-03 0.017101346048963177 0.05437502005089611   
97 1067 0.015559137370748446 25.16479614027653 0.004847094554212067 6.9273256992036843e-03 0.012327748764178406 0.030428216928314995   
98 1078 0.014580230589466564 25.82448627438782 0.004847094554212067 5.2987286226780514e-03 0.01280602602645646 0.02641136635573102   
99 1089 0.01348499137690304 26.56089461670478 0.004847094554212067 5.4681210816887186e-03 0.0075649637883149715 0.03555911551684623   
100 1100 0.012690670467731237 27.45812764319656 0.004847094554212067 5.5016561297729786e-03 0.00934205169428788 0.015796766250246046   
101 1111 0.013544909993287562 27.48019449938852 0.004030046805335342 4.0300468053353416e-03 0.009112331559976011 0.01334326575803764   
102 1122 0.014530727434683791 28.424845692453772 0.0031579501591270393 3.1579501591270393e-03 0.007242413080665028 0.028676076658407382   
103 1133 0.014556739786091013 28.8192227402191 0.0031579501591270393 5.4137769730541151e-03 0.008777326526572192 0.017820888284729296   
104 1144 0.015263048257733856 28.96096640115476 0.0031579501591270393 4.7294047932962061e-03 0.00840616307963422 0.020391766904607197   
105 1155 0.016687295860727768 29.828336332907973 0.0031579501591270393 3.8021381226312503e-03 0.0065579786340326796 0.017051304024067675   
106 1166 0.017049949068910386 30.29282692665263 0.00198109101235466 1.9810910123546602e-03 0.008753879937962481 0.06631993369595417   
107 1177 0.017287382217285097 30.784731540462772 0.00198109101235466 3.6472627958065613e-03 0.00921354524379115 0.01843427919535121   
108 1188 0.01704901186297638 31.402813458355187 0.00198109101235466 4.2493903638999488e-03 0.006440649184456389 0.043339794065874106   
109 1199 0.016479685018322376 31.758684185665643 0.00198109101235466 2.5209859604532832e-03 0.007815190885999846 0.01588044373501205   
110 1210 0.015088351639393656 31.778851261511885 0.00198109101235466 3.4497029917640344e-03 0.0066595337295001006 0.016698817355474335   
111 1221 0.01526682234575248 31.747900230063607 0.00198109101235466 2.4893705373950957e-03 0.005591441380873493 0.012680474792371211   
112 1232 0.01416597250318377 32.87801527881211 0.00198109101235466 2.9169952399686100e-03 0.0061189711590217835 0.0191915091770582   
113 1243 0.01325679667579329 33.535513233217394 0.00198109101235466 2.3590834256366228e-03 0.005791165025245038 0.018279045525248633   
114 1254 0.012634357720870047 34.449590728523056 0.00198109101235466 2.1925158473908150e-03 0.004528637722489795 0.00565732023142265   
115 1265 0.011749672807518175 35.005496027196095 0.0018395410734377308 1.8395410734377308e-03 0.004994834994623531 0.013540038180136958   
116 1276 0.01085215901306472 35.264477815340314 0.0018395410734377308 2.1300668518977146e-03 0.003590172876862121 0.018248477041147567   
117 1287 0.009854205173960644 37.01787515931511 0.0015803929697620425 1.5803929697620425e-03 0.0023837513911213245 0.005163726192243829   
118 1298 0.009530570671055434 37.23814618370949 0.0015803929697620425 1.6195544943096393e-03 0.0028843526937792695 0.004026421781494124   
119 1309 0.009307515899692222 37.382291679683064 0.0015803929697620425 2.2617771960239293e-03 0.0028773655458103693 0.004468088946295562   
120 1320 0.009168146411471258 37.67973384457573 0.0015803929697620425 1.9400899672787600e-03 0.0032450220549152045 0.0049385666235404295   
121 1331 0.008557354101819526 38.81033328289997 0.0015803929697620425 1.7471892192952986e-03 0.002999051669984461 0.00829371760976205   
122 1342 0.008173352239843472 40.97956762452901 0.001372412258912525 1.3724122589125250e-03 0.0023431894496159372 0.005115204555110898   
123 1353 0.007768106953435238 41.23871067746639 0.0013646380931490471 1.3646380931490471e-03 0.0024813269396689415 0.0034926705811741347   
124 1364 0.007984644375646643 41.8567224543134 0.0011617131140693794 1.1617131140693794e-03 0.0017924507839501194 0.002893396801314951   
125 1375 0.00865096996126578 43.710513523175 0.0008336996086741333 8.3369960867413326e-04 0.0018328029725567167 0.0036516458068275442   
126 1386 0.009236521652848365 46.56686320589387 0.0008336996086741333 1.1532535887911924e-03 0.0013711682726728247 0.00372725165063556   
127 1397 0.00943527753048641 48.45801532931556 0.0008336996086741333 1.1165430902821158e-03 0.0017901175960960093 0.004540379891691637   
128 1408 0.008674100060263153 49.306797961722054 0.0008336996086741333 1.2322975247071816e-03 0.0014778768470876517 0.0019156421869022749   
129 1419 0.008291122408593737 49.03753516701056 0.0008336996086741333 1.2661303572309125e-03 0.0017910259985794309 0.0033563794311320134   
130 1430 0.008156657057090825 47.5713656653689 0.0008336996086741333 9.8263147853682397e-04 0.0015263832738861914 0.0032003355643797707   
131 1441 0.008115490357095185 48.76492180412507 0.0008336996086741333 8.9687805301132920e-04 0.0017032059310421877 0.0031616135042541126   
132 1452 0.007533683129405154 48.97294021070244 0.0007645394268407137 7.6453942684071366e-04 0.0014770244519890726 0.0032056584335900407   
133 1463 0.006623082417485204 51.10878038712301 0.0007451406166867143 7.4514061668671432e-04 0.001055226109478862 0.0014127507956474123   
134 1474 0.006043559904967715 51.67934256006082 0.0007451406166867143 8.3053019584239688e-04 0.0010729936974803304 0.0018929669749224332   
135 1485 0.0054426322722597315 52.17033718487248 0.0007451406166867143 8.5579545990862346e-04 0.001049037781374869 0.0014420381109995083   
136 1496 0.005303794974185412 52.799179392462605 0.0007451406166867143 8.4537035771469122e-04 0.000889633591807571 0.0016107639120612291   
137 1507 0.005279675795167979 53.79943429646201 0.0006566775781704365 6.5667757817043648e-04 0.0010662073067307003 0.0015727149493291548   
138 1518 0.004883556489862704 55.666645852963455 0.0006566775781704365 7.2601588681853689e-04 0.0008596128363210006 0.0011368052070925636   
139 1529 0.004649450074059725 57.27334535494238 0.0006566775781704365 7.1101180805137484e-04 0.0007961610405788292 0.0010501689929547267   
140 1540 0.004602841280944716 59.416377685499 0.0006566775781704365 6.6887604303947302e-04 0.0007187357307283966 0.0009870566086661676   
141 1551 0.004689024284526273 60.04061041764941 0.0006350553040900742 6.3505530409007423e-04 0.0007260175509202919 0.000971166054936051   
142 1562 0.005034601455216531 62.05064278538399 0.0005671426042285954 5.6714260422859541e-04 0.0007694449709334355 0.0009442567107304292   
143 1573 0.005333841455804363 63.126142297317074 0.0005671426042285954 5.7378995389622970e-04 0.0007314095320778536 0.0009794278203442146   
144 1584 0.0053552287745474 65.46767454938991 0.0005671426042285954 6.4127320635442274e-04 0.0007404160932518259 0.0011012901173126617   
145 1595 0.005211327675522801 68.74325456324216 0.0005671426042285954 6.8628970790353709e-04 0.0008108259262457567 0.0011716027689554044   
146 1606 0.005171556444075525 68.52124582494287 0.0005671426042285954 7.1410155830127660e-04 0.0008571690142405073 0.00140823673831877   
147 1617 0.004578542801153114 68.99516629388476 0.0005671426042285954 6.2511372099133971e-04 0.0007614624044656864 0.0009727051355844998   
148 1628 0.004531180600398362 68.91985354600668 0.0005671426042285954 6.0414186661187047e-04 0.0006779666889305908 0.0008889207113513943   
149 1639 0.004314362680575412 66.22591826281618 0.0005671426042285954 5.8277279884757377e-04 0.000681291483168424 0.000812061937459778   
150 1650 0.004363746455031055 67.47807954599232 0.0005425079042818875 5.4250790428188745e-04 0.0006402862088947955 0.0007237781470240344   
151 1661 0.004720949831679517 70.76866332892857 0.0004788766952486393 4.7887669524863930e-04 0.0006180772892741103 0.0010050493291349678   
152 1672 0.004416282396312521 73.76123324110571 0.0004788766952486393 5.2438437806470565e-04 0.0006166835375717925 0.0008229255541037199   
153 1683 0.0046224920244963014 72.75649019380702 0.0004757356485416727 4.7573564854167270e-04 0.0005899339317849702 0.0008894984081292874   
154 1694 0.004825931637983771 77.17734601630316 0.00044389335446264354 4.4389335446264354e-04 0.0005564610867456788 0.0006715934752402946   
155 1705 0.005101132526982678 81.07409795332096 0.00044389335446264354 4.4752295847100341e-04 0.0005115506160083785 0.0006717479256063731   
156 1716 0.005866700595483238 88.34292218252291 0.0003903129011776995 3.9031290117769949e-04 0.0004681338393089865 0.0007464496460207374   
157 1727 0.006241563674552238 94.9033006835191 0.00038326771102603554 3.8326771102603554e-04 0.0006014770561474409 0.0008250113474279788   
158 1738 0.005878340354161608 101.63694221232936 0.00038326771102603554 3.9671214952421757e-04 0.0006048300794003078 0.0009097048433471848   
159 1749 0.005493559776602659 105.03955789394507 0.00038326771102603554 4.0209780039050926e-04 0.0005509830784964875 0.0007598614713364071   
160 1760 0.005480220160618881 106.6288616081953 0.00037465057687861446 3.7465057687861446e-04 0.0006212728008441143 0.0009042807267626836   
161 1771 0.005188193436889289 109.01285343194962 0.0003612863476789199 3.6128634767891988e-04 0.0004654226014312934 0.0006416091809206457   
162 1782 0.00512455150171372 115.53166293856717 0.0003612863476789199 3.6254565189543366e-04 0.00042487482744292624 0.0005878763506100217   
163 1793 0.005199980160223862 120.29645200941593 0.0002950453561325861 2.9504535613258611e-04 0.0004515960679182917 0.0006177388120877416   
164 1804 0.005021494014221091 124.1366275964874 0.0002950453561325861 3.0332946018056642e-04 0.00037429816549807343 0.0006728705270479998   
165 1815 0.00509723749490752 128.3520946418575 0.0002950453561325861 3.0834264910370619e-04 0.00039911974354726366 0.0005354947085782821   
166 1826 0.00512202661456424 134.3224021848108 0.00028976644865499527 2.8976644865499527e-04 0.00033152188035710925 0.0005017901877303206   
167 1837 0.005085780682372534 141.40525114816995 0.00018334647759002826 1.8334647759002826e-04 0.00038864783039157304 0.0005863345004685621   
168 1848 0.0055145433567512295 143.34986339851736 0.00018334647759002826 1.9911520139067864e-04 0.0003355736841294492 0.0004015863677583429   
169 1859 0.005939971635469512 145.64490510574714 0.00018334647759002826 2.3487994231930187e-04 0.00035844704127912846 0.0005779965838636173   
170 1870 0.006304961393470472 151.0784522009271 0.00018334647759002826 2.2903102372996784e-04 0.00038584304010737594 0.00047990833175339193   
171 1881 0.006269947587434961 153.26546033812062 0.00018334647759002826 2.2379278168771708e-04 0.00040118534356452186 0.0005925964620189039   
172 1892 0.005982709389799673 154.85595104780245 0.00018334647759002826 2.2352817644180742e-04 0.000352490278638202 0.00046858158068048116   
173 1903 0.005541516009583378 158.23319933903213 0.00018334647759002826 2.0822151031813971e-04 0.0002908389554689209 0.0003770438047055988   
174 1914 0.005469189886669617 162.04025353178224 0.00015998058907550647 1.5998058907550647e-04 0.0002433529306621148 0.0008007906788004352   
175 1925 0.005402625866348383 162.55495650411547 0.00015998058907550647 1.6211281660663619e-04 0.00028525980226586203 0.00037404228431685104   
176 1936 0.005295405670117435 161.48644276697496 0.00015463910163200835 1.5463910163200835e-04 0.0002323518255062006 0.0003419451800203547   
177 1947 0.005540782498694043 166.82620788005923 0.00014086047034269375 1.4086047034269375e-04 0.00020468518986126435 0.0003440703405129714   
178 1958 0.005169322523246269 169.08806111491742 0.00013452317157732754 1.3452317157732754e-04 0.00021712439674645835 0.000652280897301233   
179 1969 0.004886122215644873 168.89756256616764 9.93592539788153e-05 9.9359253978815296e-05 0.00017311925688365425 0.00034746906981832375   
180 1980 0.0043329745550893225 173.9637550124327 9.93592539788153e-05 1.1721721905420792e-04 0.00020031893192192635 0.0002724928574542763   
181 1991 0.004055143531956251 175.77734130296807 8.923041747413821e-05 8.9230417474138210e-05 0.0001431974531411769 0.0004335894222736124   
182 2002 0.0037136072312670154 172.51827951269365 8.923041747413821e-05 1.0339074594471263e-04 0.00013361259071165217 0.0001809633074097186   
183 2013 0.003567197301825379 175.13393353352959 8.923041747413821e-05 1.0677057395503763e-04 0.00014369581746259506 0.00020740729674664226   
184 2024 0.0034264861138069654 178.7216731108204 8.923041747413821e-05 1.0251630009996429e-04 0.00014938703607584027 0.00017894048109918273   
185 2035 0.00337647848510933 182.08077597487167 7.851779056061074e-05 7.8517790560610743e-05 0.00011561166589533391 0.0002188126369083238   
186 2046 0.0033093583463391536 178.27873255682206 7.851779056061074e-05 8.4498915488918143e-05 0.00010649046257576722 0.0001375615350336256   
187 2057 0.0031807331358462408 180.60599813588402 7.851779056061074e-05 8.9353383324361819e-05 0.00010448296310317601 0.00015179779933805032   
188 2068 0.0034551446397651673 183.9332617213809 7.851779056061074e-05 8.7325030806257225e-05 0.00010362559358336892 0.00014745992815845427   
189 2079 0.0036741215795353423 185.1024007569825 7.851779056061074e-05 7.9158015747629197e-05 0.0001177088068973108 0.000171452051820408   
190 2090 0.003478225023823615 186.75288075370094 7.253606025208384e-05 7.2536060252083838e-05 0.00012238947796891194 0.0001658482157997988   
191 2101 0.003321381296173225 195.85256780313628 7.253606025208384e-05 8.6763552458266982e-05 0.00010467993172945492 0.0001528427104731127   
192 2112 0.0030635820161375514 199.84486330954775 7.253606025208384e-05 8.5445042121134196e-05 0.0001028287869064289 0.00018198552738720705   
193 2123 0.0028139173066497585 199.77039640160376 7.253606025208384e-05 7.5806728670109764e-05 9.29347674783987e-05 0.00014654864960209375   
194 2134 0.0025663399407340427 199.2497587134395 6.860852154628793e-05 6.8608521546287932e-05 8.930208607077325e-05 0.00011957959164114892   
195 2145 0.0023227068957089483 200.0485899950879 6.860852154628793e-05 7.1348376298745726e-05 7.877250810831864e-05 9.394046853949174e-05   
196 2156 0.002285711121996876 205.07775884522638 6.23533205493925e-05 6.2353320549392494e-05 7.733526178330797e-05 0.00011501470160011016   
197 2167 0.0026018989877988914 203.10668137012792 5.89698715561848e-05 5.8969871556184798e-05 7.076694614814087e-05 0.00011261585118909435   
198 2178 0.002941669987391291 212.7162210745987 5.780779008797017e-05 5.7807790087970170e-05 7.096509078889312e-05 0.00011821260071306349   
199 2189 0.0029249187215752413 205.17109951330104 5.780779008797017e-05 6.5498802891957877e-05 7.781360543707948e-05 8.385915909625489e-05   
200 2200 0.002729303125660015 212.25552656554035 5.780779008797017e-05 6.5187604309386722e-05 7.059692056912353e-05 8.984508499134125e-05   
201 2211 0.0024468030487357585 212.5368755186831 5.780779008797017e-05 6.1218364434209355e-05 7.72601902522501e-05 8.557137914150053e-05   
202 2222 0.0022389099837053913 209.62418889635705 5.575625052496885e-05 5.5756250524968852e-05 6.981749012965409e-05 8.89834676933516e-05   
203 2233 0.002246441464536124 200.3934142625892 5.575625052496885e-05 5.7273787895500001e-05 6.426978383859335e-05 8.710241560853543e-05   
204 2244 0.002176864570350092 198.45228189108641 5.575625052496885e-05 5.5927902092151285e-05 6.456858913491211e-05 7.971786847303735e-05   
205 2255 0.002028396240500752 202.05105469045097 5.050277009816191e-05 5.0502770098161908e-05 6.314554507469983e-05 8.087903598882997e-05   
206 2266 0.0018929387056394378 201.71764242859498 5.050277009816191e-05 5.2692314478034274e-05 5.871826929381584e-05 6.945423068998685e-05   
207 2277 0.001833243070917964 198.98825613868274 4.939275225723993e-05 4.9392752257239930e-05 5.949682589671637e-05 6.280878485506978e-05   
208 2288 0.0017406770017922347 207.3151456964139 4.780917910146989e-05 4.7809179101469891e-05 5.503547520389098e-05 6.599931730705834e-05   
209 2299 0.0017032291513057163 203.0950555076479 4.780917910146989e-05 4.8441079821433398e-05 5.1068370399562326e-05 5.938737853384558e-05   
210 2310 0.0017525397926550766 200.6884770034884 4.724238943381921e-05 4.7242389433819210e-05 4.953244326653597e-05 5.992981638661246e-05   
211 2321 0.0018457624858770022 202.40705864365955 4.724238943381921e-05 4.8078653747918318e-05 5.114477787183994e-05 5.380624625089517e-05   
212 2332 0.0019565892555924056 201.95593458759967 4.724238943381921e-05 4.9819510463798562e-05 5.273286561353044e-05 6.738906094887315e-05   
213 2343 0.0020160695499257465 210.62938370059 4.4056973825406625e-05 4.4056973825406625e-05 5.151255302296382e-05 5.846587987717981e-05   
214 2354 0.002085432622342484 209.0013178672366 4.1226550139264996e-05 4.1226550139264996e-05 4.8736860669962697e-05 5.646651912267383e-05   
215 2365 0.002107015107696937 208.6532962786135 4.022417618664049e-05 4.0224176186640492e-05 5.2598466570498674e-05 6.338927782496903e-05   
216 2376 0.002034963718927037 205.36727912883458 4.022417618664049e-05 4.2997134855207860e-05 4.751642276955365e-05 5.840186853488454e-05   
217 2387 0.0021084349021898417 203.76560415004374 3.876817136419573e-05 3.8768171364195727e-05 4.626257971212142e-05 5.556614701106914e-05   
218 2398 0.001969520616237358 204.36191339451284 3.876817136419573e-05 4.0620242835211785e-05 4.2943309527341026e-05 5.4172902612848785e-05   
219 2409 0.0019668975403692814 207.47929810367555 3.876817136419573e-05 3.9861920641189406e-05 4.416853401160579e-05 5.090949136131122e-05   
220 2420 0.0017859303549180492 205.9393808129475 3.876817136419573e-05 4.0439885093181645e-05 4.450159226638023e-05 5.5659897409884174e-05   
221 2431 0.0016541206136254974 206.94288185525699 3.876817136419573e-05 4.1171272043204311e-05 4.3192017473475665e-05 4.970365743585797e-05   
222 2442 0.0015471342750734219 208.87951606939197 3.876817136419573e-05 3.9089477264527992e-05 4.276112964649086e-05 4.632337670141921e-05   
223 2453 0.0014832771833524574 217.32435969753996 3.7563823649883465e-05 3.7563823649883465e-05 4.061454418424117e-05 4.92755885532684e-05   
224 2464 0.00139294355986664 217.96912186368434 3.677205996883197e-05 3.6772059968831970e-05 3.947413430758748e-05 4.234837868145474e-05   
225 2475 0.001421050016670267 223.80995770164805 3.661079343535192e-05 3.6610793435351922e-05 3.971545673769185e-05 4.295509443517891e-05   
226 2486 0.0013669757879709037 230.35328914695404 3.513321441971641e-05 3.5133214419716409e-05 3.875965910972026e-05 4.854193436570054e-05   
227 2497 0.0015832991445761616 236.57043880593983 3.367837360637929e-05 3.3678373606379292e-05 3.61139228918019e-05 4.1532762430686024e-05   
228 2508 0.0016355764642277076 244.20900591781586 3.1905422288085e-05 3.1905422288085000e-05 3.7089791006208224e-05 4.50355010514867e-05   
229 2519 0.0016270314990012964 245.2249813500788 3.1905422288085e-05 3.4192844373431682e-05 3.562790116172498e-05 3.892231585147304e-05   
230 2530 0.0017044581150264504 237.34522676805545 3.1905422288085e-05 3.1925983937865798e-05 3.5813672793465156e-05 3.9304951763519005e-05   
231 2541 0.0016479056046865045 225.82287830443758 3.1905422288085e-05 3.2306474819655401e-05 3.38500262608136e-05 3.640442106834555e-05   
232 2552 0.0015558315922429788 228.81277671656986 3.1668524308447165e-05 3.1668524308447165e-05 3.3544249724416455e-05 3.601776970582851e-05   
233 2563 0.0014901026443685376 223.8961582670699 3.0522214941262485e-05 3.0522214941262485e-05 3.681819460640595e-05 4.043881663828346e-05   
234 2574 0.0015836130448777335 229.10309801983735 2.8383894113749923e-05 2.8383894113749923e-05 3.3103444533234616e-05 3.747347436770164e-05   
235 2585 0.0015963591581886936 227.44652288780074 2.8383894113749923e-05 2.9127320534229944e-05 3.061372317688695e-05 3.38432484795592e-05   
236 2596 0.0016195318450374033 233.31458593933127 2.7181806142375343e-05 2.7181806142375343e-05 3.112484194499058e-05 4.346755621906992e-05   
237 2607 0.0015581383597954737 229.17419644588205 2.7181806142375343e-05 2.9474041270683159e-05 3.0858324791883094e-05 3.905960827815804e-05   
238 2618 0.0015156957671009982 230.1515838912953 2.6735844382976182e-05 2.6735844382976182e-05 3.1205611954780276e-05 3.585484757699794e-05   
239 2629 0.0016355565798446203 235.77152537244814 2.6735844382976182e-05 2.7302798480657411e-05 2.961722657163643e-05 3.3795157819610114e-05   
240 2640 0.0018130839553250487 241.49301008583748 2.4358895892509893e-05 2.4358895892509893e-05 2.838089184256037e-05 3.115353862818924e-05   
241 2651 0.0019533802395258846 250.63071772053775 2.4051533676793198e-05 2.4051533676793198e-05 2.612431910569574e-05 3.1189398553378094e-05   
242 2662 0.0020707620291577173 261.0503418143534 2.2584512554449752e-05 2.2584512554449752e-05 2.520074357329553e-05 3.148038033688309e-05   
243 2673 0.0021205178630209296 281.8372032777033 2.2584512554449752e-05 2.4117157560594356e-05 2.6864559408630474e-05 3.0050460947826683e-05   
244 2684 0.0022658030967312335 277.62990476956753 2.2584512554449752e-05 2.4006282690874246e-05 2.7478077154826182e-05 3.5798763224680645e-05   
245 2695 0.0023673939330813363 282.2383619865986 2.0799944333387927e-05 2.0799944333387927e-05 3.0003614009897855e-05 3.537496143777108e-05   
246 2706 0.0024787163828595303 301.95759355057874 2.005460574291953e-05 2.0054605742919530e-05 2.4365864760652193e-05 3.1637373835833365e-05   
247 2717 0.002592868017174854 308.4930128018118 1.9385103069576198e-05 1.9385103069576198e-05 2.676449702488432e-05 3.278946532050909e-05   
248 2728 0.002454932095464944 320.61158057908 1.9385103069576198e-05 2.1043163976451271e-05 2.619868620761923e-05 3.853119711213264e-05   
249 2739 0.002322624627555954 317.8128270346217 1.9385103069576198e-05 2.1525958620006954e-05 2.6013411020924527e-05 3.979539881819696e-05   
250 2750 0.0022533652359878775 304.99026986737306 1.910132140947357e-05 1.9101321409473569e-05 2.2102410362981578e-05 3.4287972937686145e-05   
251 2761 0.00224074189051319 301.5618732076601 1.910132140947357e-05 1.9320366623116016e-05 2.3080552600173112e-05 2.879928571674684e-05   
252 2772 0.0024076474176830016 296.04299746376336 1.8256731506132316e-05 1.8256731506132316e-05 2.109608397184389e-05 2.6480609845844377e-05   
253 2783 0.0022423947426541695 288.2088877826304 1.8256731506132316e-05 1.9354769139245686e-05 2.334527814535915e-05 2.6349328889333114e-05   
254 2794 0.0021079051154739357 295.28780133448737 1.6501620034750905e-05 1.6501620034750905e-05 2.1398456078780178e-05 2.740908054556451e-05   
255 2805 0.0020684328006700474 289.49791277731845 1.640905488667309e-05 1.6409054886673089e-05 1.963890093001028e-05 2.2885672854806643e-05   
256 2816 0.002105426568392136 285.4638809583239 1.4369224834181086e-05 1.4369224834181086e-05 1.928365447858407e-05 2.6037163403434607e-05   
257 2827 0.0019935032513106383 289.52295424918225 1.4369224834181086e-05 1.5389691355260287e-05 1.9552374369452537e-05 2.427614133685806e-05   
258 2838 0.0021831464119247516 288.82218945372034 1.3943833440218505e-05 1.3943833440218505e-05 1.6876449277465815e-05 2.0957369930582765e-05   
259 2849 0.00218941021107573 301.5631826670206 1.3776099800678679e-05 1.3776099800678679e-05 1.686061119040164e-05 1.9895572874850566e-05   
260 2860 0.002151952201372022 318.5863225448565 1.3776099800678679e-05 1.4328843315401341e-05 1.8387367624433938e-05 2.335482768594461e-05   
261 2871 0.002129017702336291 328.72410352815564 1.2981372368949072e-05 1.2981372368949072e-05 1.7440544086124508e-05 2.304870164354402e-05   
262 2882 0.001993145286351276 335.9793706538083 1.2981372368949072e-05 1.3814475881880995e-05 1.5597315040829382e-05 2.3054065075334817e-05   
263 2893 0.001780997853496261 336.41375457043154 1.2981372368949072e-05 1.4453444174180667e-05 1.8148738459088617e-05 2.3543035895284705e-05   
264 2904 0.0016147990037472853 328.5703909708088 1.2981372368949072e-05 1.4874158215653214e-05 1.6357112131024754e-05 2.2850320239542756e-05   
265 2915 0.0016257018244312782 312.9733583174438 1.2981372368949072e-05 1.4009588366559542e-05 1.5744873860045005e-05 2.0221716991169017e-05   
266 2926 0.0015869050837779976 312.5435705457612 1.2981372368949072e-05 1.2997558380764928e-05 1.4418926555728584e-05 1.8391278382084922e-05   
267 2937 0.0014894028599440896 300.69555332260705 1.2030826190032255e-05 1.2030826190032255e-05 1.4617266530383444e-05 1.8342470680636944e-05   
268 2948 0.0014395987067176831 292.21496809795343 1.1833138303249448e-05 1.1833138303249448e-05 1.346517325173844e-05 1.6334216136907972e-05   
269 2959 0.0013711910523346634 297.64270676957335 1.1833138303249448e-05 1.1883771424608386e-05 1.2799552980288645e-05 1.540473659818882e-05   
270 2970 0.0013165743165957364 284.7659678127906 1.087696952479542e-05 1.0876969524795420e-05 1.2294556147605575e-05 1.4720423446974059e-05   
271 2981 0.0013812446680501501 288.1885249537563 1.087696952479542e-05 1.0957625118164757e-05 1.1738042976504422e-05 1.271107711018173e-05   
272 2992 0.0014409803820353757 299.06204293686574 1.087696952479542e-05 1.0962415640685660e-05 1.2708187100927646e-05 1.4933469568744049e-05   
273 3003 0.0013777257469352567 323.6140481499872 9.893213502238863e-06 9.8932135022388629e-06 1.158023349738737e-05 1.4706227553343641e-05   
274 3014 0.0013490557335830973 314.54239089385317 9.51622199800052e-06 9.5162219980005201e-06 1.1348999550340769e-05 1.3753206205553284e-05   
275 3025 0.0014260309013631655 320.4968563324741 9.51622199800052e-06 9.5369058743364161e-06 1.1016634562155416e-05 1.3215146223944336e-05   
276 3036 0.0014858405443551313 329.2808940764615 8.960903167180508e-06 8.9609031671805080e-06 1.0287019206910114e-05 1.2855417841254653e-05   
277 3047 0.0015275073417431362 330.8771686830824 8.362755625336841e-06 8.3627556253368414e-06 9.153094941891087e-06 1.0535645062436417e-05   
278 3058 0.0015748393796922002 340.7473964955501 8.201048900349697e-06 8.2010489003496966e-06 9.453565332109094e-06 1.2504793619671666e-05   
279 3069 0.0016359922614397053 337.7366541075186 8.201048900349697e-06 8.2581967728611849e-06 9.97835393132462e-06 1.3230045764463967e-05   
280 3080 0.001744500196892265 341.42491443205347 7.084672991656633e-06 7.0846729916566327e-06 9.110905740533037e-06 1.1407626416815356e-05   
281 3091 0.0018781354650710927 361.07537029170607 7.084672991656633e-06 7.4748993507654600e-06 8.542834626771415e-06 1.0638433657349106e-05   
282 3102 0.0019527420278162189 366.36155587357786 7.084672991656633e-06 7.5278706139721867e-06 8.496085143195418e-06 1.1284445257704861e-05   
283 3113 0.001981210523275148 368.9112897330043 6.863370515953746e-06 6.8633705159537456e-06 1.0303424073373234e-05 1.4747178687845095e-05   
284 3124 0.0018822041500330408 384.2747169455697 6.863370515953746e-06 6.9196283802740243e-06 9.258462610556731e-06 1.9072060078634782e-05   
285 3135 0.0017845441099805207 382.8628528031879 6.207953496378793e-06 6.2079534963787927e-06 7.656587004050611e-06 1.694284050718436e-05   
286 3146 0.0016287345233814176 368.5014119988989 5.817334174167323e-06 5.8173341741673227e-06 8.919942446953127e-06 9.815562933725945e-06   
287 3157 0.0016322552564514538 365.83476237402414 5.053440858793743e-06 5.0534408587937431e-06 7.024510630864594e-06 9.138946492571842e-06   
288 3168 0.0016527082950240227 370.47712902724527 4.883362263894232e-06 4.8833622638942319e-06 5.837000879874417e-06 1.0223890989847218e-05   
289 3179 0.0016378334290769465 379.206474634968 4.655491403699459e-06 4.6554914036994586e-06 5.855050541069166e-06 8.916958204578189e-06   
290 3190 0.0016763203873243649 398.9476906932815 4.346575658840835e-06 4.3465756588408348e-06 5.404040758959419e-06 9.395103653226561e-06   
291 3201 0.001723133357521164 384.9672123707368 4.242971285598088e-06 4.2429712855980880e-06 6.557794089434692e-06 9.61292875333544e-06   
292 3212 0.0018561573080385124 388.9203430020825 4.242971285598088e-06 4.3225829937405901e-06 5.855104195744693e-06 8.683589055535154e-06   
293 3223 0.0020805317546353517 403.912830917794 4.025811554526553e-06 4.0258115545265528e-06 5.838301319746387e-06 8.241416182724516e-06   
294 3234 0.0021664075159812265 440.9652012939034 4.025811554526553e-06 4.2564397181012093e-06 6.802349049587399e-06 8.468817780467033e-06   
295 3245 0.002138850908278985 458.6096549586221 4.025811554526553e-06 4.1991047920558616e-06 7.281912502525415e-06 1.1890879765491021e-05   
296 3256 0.0019962779090771637 456.3124340333109 4.025811554526553e-06 4.0692639623368841e-06 6.46245536480504e-06 9.782345869871235e-06   
297 3267 0.0019909048839005794 441.42521860576363 3.012681778552862e-06 3.0126817785528619e-06 5.512912629372314e-06 1.0931700458424137e-05   
298 3278 0.0021045641823995835 449.8003226951911 2.1642143190764082e-06 2.1642143190764082e-06 5.514462766878428e-06 1.0998490954973223e-05   
299 3289 0.002016664133292382 457.7853208495515 2.1642143190764082e-06 3.7486850521156486e-06 5.079143236106943e-06 9.189072741275215e-06   
300 3300 0.001801417021508792 457.8211122263112 2.1642143190764082e-06 3.5407713702514186e-06 4.894218100869101e-06 7.326964641296489e-06   
301 3311 0.0018342335888922442 459.54003930955497 2.1642143190764082e-06 4.0525304162426029e-06 5.224151882883103e-06 9.060537344106605e-06   
302 3322 0.001736197364519844 464.0393200402057 2.1642143190764082e-06 3.6963080278395029e-06 4.814062388528796e-06 7.933706055284365e-06   
303 3333 0.0016235977711962337 450.27052843881194 2.1642143190764082e-06 4.0868908855301923e-06 5.178015997691639e-06 7.293041524647139e-06   
304 3344 0.0014991598901471113 453.0139609487373 2.1642143190764082e-06 2.9693020610560213e-06 4.429287666833316e-06 6.831135636353808e-06   
305 3355 0.0014444234218519774 456.270672887848 2.1642143190764082e-06 3.1303739902351681e-06 3.624876641786227e-06 5.833434055658411e-06   
306 3366 0.0013976615275512257 459.1632170535894 2.1642143190764082e-06 2.8212554697781227e-06 3.332037495997908e-06 5.827580470065618e-06   
307 3377 0.0013102252284223899 459.80497398563614 2.1642143190764082e-06 3.1141328108803071e-06 3.558715743413548e-06 3.897771491650184e-06   
308 3388 0.0011811365980207164 470.73789207862177 2.1642143190764082e-06 2.6931463272798446e-06 3.3647324233264987e-06 5.555061346406106e-06   
309 3399 0.0011308300960662897 465.8102939830669 2.13935759399213e-06 2.1393575939921301e-06 2.6484161286024043e-06 3.935540500546318e-06   
310 3410 0.0010942117395432757 472.44488493156183 1.906721083704901e-06 1.9067210837049011e-06 3.11526731487826e-06 3.8880431803179866e-06   
311 3421 0.0011730300253571262 478.9986561873866 1.662575435918745e-06 1.6625754359187450e-06 2.7189950160859987e-06 3.262362938607229e-06   
312 3432 0.0012421023379955247 490.8044577285942 1.662575435918745e-06 1.8028827057076657e-06 2.1144725193783613e-06 3.5458888646882368e-06   
313 3443 0.0012374567414758998 497.78611278280255 1.662575435918745e-06 1.7865580211974697e-06 2.2278050444878856e-06 3.0050791936416923e-06   
314 3454 0.0012277609823169874 513.5682280789464 1.662575435918745e-06 1.8826510870424113e-06 2.731233822143556e-06 3.730343758659565e-06   
315 3465 0.0012678793346067633 511.71983322135867 1.662575435918745e-06 1.7580198153211427e-06 2.303763172600904e-06 3.2009190886429487e-06   
316 3476 0.0012793724865404598 508.89010229413896 1.662575435918745e-06 1.7112434063147044e-06 2.046371292095131e-06 3.0132248964440633e-06   
317 3487 0.001361548389155679 495.5196340236951 1.662575435918745e-06 1.6827293319252588e-06 2.1872895395926745e-06 3.2424177946631633e-06   
318 3498 0.0013062796766551829 533.4101994021032 1.345761241299771e-06 1.3457612412997711e-06 2.440184407851067e-06 6.272717586583519e-06   
319 3509 0.0013309799852195914 509.0416362730601 8.957265183889252e-07 8.9572651838892525e-07 1.963130642158105e-06 3.122184924298416e-06   
320 3520 0.001406244237179802 523.6133581225964 8.957265183889252e-07 1.1098780030794035e-06 2.2097442132426453e-06 3.0359753536512037e-06   
321 3531 0.001309519446678812 540.9572453369731 8.957265183889252e-07 1.0029212985679179e-06 2.212533916493351e-06 3.853248178667624e-06   
322 3542 0.0012454502694599224 529.9477794804008 8.957265183889252e-07 1.1597902484061115e-06 1.551061529780091e-06 2.862802782567384e-06   
323 3553 0.0011586236092404817 532.3896912423784 7.695066054452422e-07 7.6950660544524216e-07 1.573936344550739e-06 2.5102881742173957e-06   
324 3564 0.0010964319350400484 569.1103969385922 7.695066054452422e-07 1.0041961880319780e-06 1.3130395447652981e-06 1.7676111957535458e-06   
325 3575 0.001010474703417478 553.0373153865468 7.695066054452422e-07 9.3159540599060743e-07 1.2481892688302414e-06 1.9493835843896657e-06   
326 3586 0.0009362421305782093 562.1884866003578 7.695066054452422e-07 9.2183428902865363e-07 1.27172023440395e-06 2.0835190331173805e-06   
327 3597 0.0009574304077816676 565.5021353225452 6.590221847519094e-07 6.5902218475190942e-07 1.1630320991117243e-06 1.7456703602461212e-06   
328 3608 0.0008619623927238602 587.8989824892236 6.437766294713364e-07 6.4377662947133637e-07 1.1279045484882254e-06 1.4995681567187033e-06   
329 3619 0.0007987917751555735 604.7529152708092 6.437766294713364e-07 7.4822007315601782e-07 1.0740179873060202e-06 1.478788899200755e-06   
330 3630 0.0007801140354360078 600.7699076960715 6.254348985999736e-07 6.2543489859997360e-07 8.405038777682529e-07 1.1062877687043816e-06   
331 3641 0.0007413124526951367 616.9099651763671 5.775332114924927e-07 5.7753321149249265e-07 7.600872862587329e-07 1.4639079964421106e-06   
332 3652 0.0007953733803140998 641.7886798254906 5.127129633418698e-07 5.1271296334186979e-07 6.457267563781067e-07 9.445569616530708e-07   
333 3663 0.0007830300709341753 655.9947876620832 4.2438320733477784e-07 4.2438320733477784e-07 6.919304573257734e-07 8.364484112472808e-07   
334 3674 0.0007622408036458971 672.8494220889256 3.7990974729831945e-07 3.7990974729831945e-07 5.473380987535305e-07 8.14611665804196e-07   
335 3685 0.0007467492594885192 642.9182893240423 3.7990974729831945e-07 5.4506716185481387e-07 6.392238165951753e-07 1.0405366926273424e-06   
336 3696 0.0007133233494571086 632.8014987457526 3.7990974729831945e-07 4.4372202530826048e-07 6.150428409935135e-07 9.118569681948379e-07   
337 3707 0.0007180220822710924 643.9426779938726 3.661339100369004e-07 3.6613391003690041e-07 5.90953816524217e-07 1.0134071981266329e-06   
338 3718 0.0007786675362321315 628.4658635326977 3.4249941420503247e-07 3.4249941420503247e-07 5.219398888393901e-07 7.417751300432366e-07   
339 3729 0.0007637263873168348 666.663069028986 3.4249941420503247e-07 4.3296477018119848e-07 5.789131240111797e-07 1.0342057675193661e-06   
340 3740 0.0007794929535279301 657.3468555994149 3.4249941420503247e-07 4.3593888319453403e-07 5.772530721854682e-07 7.17523404908824e-07   
341 3751 0.0008266973057630012 682.2591570101139 3.0867330831695783e-07 3.0867330831695783e-07 4.885020785432244e-07 6.277289678100552e-07   
342 3762 0.000805561908105548 717.0089397863135 3.0867330831695783e-07 3.3320432545778109e-07 4.31064567137007e-07 9.943619378523257e-07   
343 3773 0.0007796522727690886 736.8430219266558 2.3356188287662265e-07 2.3356188287662265e-07 5.347905648888605e-07 1.1234233605915311e-06   
344 3784 0.0007675302148800029 733.4136570691035 2.3356188287662265e-07 3.5641102257329207e-07 4.0268066672215857e-07 6.178788208891532e-07   
345 3795 0.0007559063140490099 765.9898803874306 1.913914129773588e-07 1.9139141297735880e-07 4.897528599427847e-07 7.438383686282982e-07   
346 3806 0.0007759238983175851 775.515258443958 1.913914129773588e-07 2.7983774579602994e-07 3.2780831888124017e-07 5.269334495917778e-07   
347 3817 0.0007599993512941561 743.6976161714439 1.913914129773588e-07 2.3381264029765833e-07 3.9014668885665586e-07 4.876061392733144e-07   
348 3828 0.0007295738360985351 751.3329836628361 1.5568428590653702e-07 1.5568428590653702e-07 3.1257973097144137e-07 6.291250507093957e-07   
349 3839 0.0007540239412541788 737.1107963928465 1.5568428590653702e-07 2.1003485254883755e-07 3.071668808989596e-07 6.314507660444019e-07   
350 3850 0.0007962592081195787 726.4581092184939 1.5568428590653702e-07 2.2594520252396401e-07 2.9402327413731786e-07 4.809126055547742e-07   
351 3861 0.0007886080146825564 763.8170491698995 1.5568428590653702e-07 1.7060209976819488e-07 2.77707007911319e-07 6.190319597129432e-07   
352 3872 0.0007263254596514812 766.2958815321045 1.2176019653068768e-07 1.2176019653068768e-07 2.949707460468864e-07 5.19458180035742e-07   
353 3883 0.0007127588553374578 768.342800453005 1.2176019653068768e-07 1.4926870199466461e-07 2.2805948837334818e-07 4.88766779460345e-07   
354 3894 0.0007032125672811226 749.731274842527 1.0068374233040027e-07 1.0068374233040027e-07 2.059689570526552e-07 4.457175452747447e-07   
355 3905 0.0007009708926325023 777.7362285538801 1.0068374233040027e-07 1.6579695461398618e-07 2.473619578714412e-07 4.0905819776701217e-07   
356 3916 0.0006183104853374839 781.3457018476462 1.0068374233040027e-07 1.0241903988551258e-07 2.2241048490354198e-07 3.753964646983862e-07   
357 3927 0.0005732069710949043 800.71516723313 1.0068374233040027e-07 1.0170127822097936e-07 1.8336573942883095e-07 2.918159913970152e-07   
358 3938 0.0005412326114510847 805.2078197629769 1.0068374233040027e-07 1.2469142099089578e-07 1.552011028287011e-07 2.7188184293922384e-07   
359 3949 0.0005405554515126402 799.4604506666843 1.0068374233040027e-07 1.1778609437276638e-07 1.6929874685395643e-07 3.2582070808755776e-07   
360 3960 0.0005069298590733457 778.6004813578971 1.0068374233040027e-07 1.2277892434676397e-07 1.8966327390064037e-07 3.498647000297481e-07   
361 3971 0.000467279335889535 787.2031156214418 1.0068374233040027e-07 1.1171919244816117e-07 1.6259802321907752e-07 2.9310994228119404e-07   
362 3982 0.00043409400293302215 827.8478616988668 8.819471095192399e-08 8.8194710951923985e-08 1.3426309718489713e-07 2.869721887589699e-07   
363 3993 0.00042782915167540256 844.0256681433963 8.454616947854372e-08 8.4546169478543717e-08 1.1484452894197284e-07 2.040613354381477e-07   
364 4004 0.00042133915220786563 791.9616667263122 6.81763466419485e-08 6.8176346641948495e-08 9.373675520092016e-08 1.5800397868467035e-07   
365 4015 0.00041018505467637284 783.2839753985246 6.81763466419485e-08 7.6332627956579820e-08 1.1581696276991153e-07 1.7867308613903307e-07   
366 4026 0.00039286765001397085 767.2003556374902 6.0132136965321e-08 6.0132136965320995e-08 8.702831328846195e-08 1.168694862443631e-07   
367 4037 0.000339220882975823 759.835812287773 6.0132136965321e-08 6.8594715787882067e-08 7.991222028650139e-08 1.2148349896214714e-07   
368 4048 0.0003245917489138916 772.8800651775946 6.0132136965321e-08 6.6775694833239535e-08 7.248429602528383e-08 9.251040944461634e-08   
369 4059 0.00029993304247903304 776.0218857689432 6.0132136965321e-08 6.2922087994322643e-08 7.850707903956836e-08 1.0624209054964366e-07   
370 4070 0.00028648553511158265 795.7969336868218 6.0132136965321e-08 6.3981980378579884e-08 8.793007576676255e-08 1.0580452824152773e-07   
371 4081 0.0002562876787344393 800.8294678527172 6.0132136965321e-08 6.3190504792287726e-08 6.945669785831262e-08 8.242373828721417e-08   
372 4092 0.00023307956606389538 812.0412883696534 5.045975405314894e-08 5.0459754053148939e-08 7.005167775953089e-08 8.957765068003215e-08   
373 4103 0.00022357084156148982 826.2110698899123 5.045975405314894e-08 5.2851182255688800e-08 5.722902573090472e-08 7.440928139931649e-08   
374 4114 0.00022055680230941254 789.7380374886197 4.8489109861445335e-08 4.8489109861445335e-08 6.236321081422799e-08 7.426384918475536e-08   
375 4125 0.00022019253254628807 778.2456108996007 4.124935227715591e-08 4.1249352277155911e-08 4.937265609431881e-08 7.149430385444307e-08   
376 4136 0.00021766710173983206 800.5872378869443 4.124935227715591e-08 4.2786795448370216e-08 5.382221343028026e-08 6.76946544285235e-08   
377 4147 0.0002231980741300571 878.2100879813955 4.0128203445079976e-08 4.0128203445079976e-08 4.774662818153496e-08 5.974879570286055e-08   
378 4158 0.00023734543266868416 930.9534564872941 3.6825906864753834e-08 3.6825906864753834e-08 4.4176665364457374e-08 5.420380720235393e-08   
379 4169 0.000258749829822671 966.0743266319212 3.218072203121148e-08 3.2180722031211483e-08 4.395946283585093e-08 4.951891149754388e-08   
380 4180 0.0002994623319327078 1017.6471520348484 3.218072203121148e-08 3.5594252371226465e-08 4.382516984437543e-08 6.516303894400803e-08   
381 4191 0.0003217343362837319 1034.811176314014 3.218072203121148e-08 3.3073741109562821e-08 4.0929657149196545e-08 6.14343822003281e-08   
382 4202 0.00035697114672589454 1029.0862869347488 2.987519656386153e-08 2.9875196563861532e-08 5.1247945969702246e-08 6.595604775545757e-08   
383 4213 0.0003727438340005399 1048.324747094791 2.987519656386153e-08 3.4059989689370451e-08 4.629016809113395e-08 8.109049135636223e-08   
384 4224 0.0003581752194232102 1085.0919296969203 2.650242571752459e-08 2.6502425717524589e-08 4.213055282493325e-08 6.089340752043242e-08   
385 4235 0.00034949616630098744 1081.511080332661 2.650242571752459e-08 3.6183224173453785e-08 4.3556508277721384e-08 1.1801701027794939e-07   
386 4246 0.00033970203612525556 1087.6661435978338 2.650242571752459e-08 3.1508084765927458e-08 5.276861184973766e-08 6.732613718921146e-08   
387 4257 0.00030896505042330504 1069.282773419957 2.650242571752459e-08 3.3988849786404442e-08 4.7215297147044114e-08 6.411125181751044e-08   
388 4268 0.00029403410319384603 1082.4096391109451 2.650242571752459e-08 2.6573576980902647e-08 4.2009773389928045e-08 6.150070002061231e-08   
