% # columns="iteration, evaluation, void, void, void, xmean", seed=549705, Fri Aug 14 18:31:08 2020, <python>{}</python> # scaling_of_variables: 1, typical_x: 0
1 11 0 0 0 -0.04877424642434242 0.020967319399925532 0.1835607881586476 -0.15930074655275003 -0.4670223415458316 0.17982809955844736 -0.4375315922036876 -0.17387288460276035 -0.017974331004039213 0.8830401163380976 0.9291471307108943
2 22 0 0 0 -0.05520934302433424 -0.043849086513562355 0.18886475187982707 -0.19010166256570274 -0.4429155928175579 0.13199410985910368 -0.42461515720878357 -0.14149158209891957 -0.05137530361807356 0.8605167590990043 0.8888902169410773
3 33 0 0 0 -0.09522100920318786 -0.09970979712389971 0.16808072348709646 -0.06539903818773501 -0.39797463709432246 0.11613080199306457 -0.4089496416993982 -0.1978748758854457 -0.023157984442611874 0.8877742265285926 0.8836083539685853
1941 21351 0 0 0 0.01482666238912497 -0.28182693478768944 -0.2548712530671096 -11.009277009212829 0.1105486277535095 0.4078301403112438 7.255789269264917 10.158583309975974 5.148764551653103 -18.542143978868047 12.590120465057968
4 44 0 0 0 -0.10614834103197329 -0.05276119786219596 0.08781834033863087 -0.05563599723031371 -0.3684856427696591 0.09359493376633227 -0.3821132295956761 -0.14066516468029236 -0.023910694855315183 1.0200346208758215 0.8923090383255661
5 55 0 0 0 -0.03085852750000634 -0.02745291469602074 0.10509615928012117 -0.03612722508463924 -0.3438684652510035 0.023296776548225318 -0.35903691165649204 -0.18532100435849397 -0.03144681624345035 1.043189990210336 0.8801047263023469
6 66 0 0 0 -0.04738272240695911 -0.07195800657070672 0.034973792207631194 0.053453556534405824 -0.2882801201700991 -0.09615703883827872 -0.4188090835541542 -0.20823700209407095 -0.03128699983052697 1.1274165454903993 0.8727304745136102
1942 21362 0 0 0 0.014811659267629975 -0.2817877455794748 -0.25584579074986147 -11.007387572847183 0.10716948305443154 0.4058449299776312 7.256006045348739 10.167610023785661 5.146715094629704 -18.54123747160855 12.5988232109165
7 77 0 0 0 -0.014444505296703186 -0.06950265394579802 0.04286515894601159 0.04714409364690558 -0.2737509518563698 -0.1592780549182293 -0.4410398611609978 -0.32761267918264736 -0.08120403555368741 1.1972029423271155 0.7551903457534469
8 88 0 0 0 -0.09963460272259632 -0.08768388418725097 -0.04538887781831241 0.0248011782452307 -0.27695086540166414 -0.13855249189562735 -0.5055811234721015 -0.23976666738788802 -0.022423883372634942 1.1835563256790371 0.8033247846031615
1943 21373 0 0 0 0.014815581257342345 -0.2817876053910522 -0.25532214638335987 -11.006834502805024 0.11027977853172372 0.40500994573641713 7.256481728861604 10.16419201848189 5.145510764448602 -18.541803823709678 12.609291013597511
9 99 0 0 0 -0.04245637978675666 -0.04610999874926208 -0.0509034276695684 0.021887893981471736 -0.14139852329773994 -0.14879295545865678 -0.5021234283581386 -0.18122331808089037 0.017106660373442162 1.195865561364513 0.7587879118339911
10 110 0 0 0 -0.010144260338455578 -0.034064801598119226 -0.05272633996513593 0.04808174898061572 -0.1441430687863526 -0.25085292776320695 -0.39940989988186265 -0.17623876154125187 0.03514589227034005 1.2532219635706408 0.7861983979121798
11 121 0 0 0 -0.047469013921977284 -0.07393023178835777 0.0014639174238600186 0.04968690130938658 -0.1515735605272865 -0.2296192269628206 -0.3277716394108769 -0.1659404825495212 -0.010983119233255859 1.2433015381801713 0.8375372739753716
1944 21384 0 0 0 0.014840744915284065 -0.2817873823250655 -0.25569123613209843 -11.007531492029965 0.11880461918306852 0.40565320898920715 7.256384193928601 10.159661498299233 5.144180436834615 -18.54241745541866 12.629302881041504
12 132 0 0 0 0.008115495589794852 -0.049958046271033923 -0.0180656738094661 -0.08321833410643759 -0.19762866739688906 -0.2361114008001092 -0.3134235993388806 -0.12816120096249767 -0.01447862361006364 1.357429428425658 0.7861013049940586
13 143 0 0 0 -0.008565646820643293 -0.07839223272037847 0.07229747926390738 -0.03541619331513959 -0.19585604066095239 -0.16982155275021352 -0.38316282886206093 -0.06383418651840567 0.01454387482314379 1.356388519566448 0.8084913652132351
1945 21395 0 0 0 0.014844891382627847 -0.2817851040021643 -0.255851126077786 -11.005843755090254 0.11626795993623157 0.40391680817041486 7.256713292993859 10.159379900790139 5.14352454402843 -18.54200370558451 12.630633762019858
14 154 0 0 0 -0.01044689384398875 -0.07551484153433011 0.12405683736645519 -0.03024194347296215 -0.2977765485200834 -0.06457306810315375 -0.425949201279355 -0.06128853061235563 0.039219753707541 1.2359916892374088 0.8671670033917576
15 165 0 0 0 -0.012789551525791944 -0.038141229756380006 0.09197211279482514 -0.046066644565708345 -0.31154653109538105 0.00779786231998339 -0.4598665549261521 -0.07826912723903073 0.07820724111148043 1.2689594079437478 0.9943575680469758
16 176 0 0 0 -0.028299760311612413 -0.03360154777427884 0.07528716076261029 0.005885765459227574 -0.2810443659584924 -0.06987031293786276 -0.4294416182274664 -0.11890058715401589 0.06937535106337625 1.299300939584625 0.942064801756504
1946 21406 0 0 0 0.0148714990078815 -0.28181920615088296 -0.2559476302173273 -11.005626668517948 0.11972585602269402 0.4039664106935757 7.256786656618876 10.14878000700036 5.143925538930931 -18.54280508441396 12.63239923574956
17 187 0 0 0 -0.06704887184584417 -0.059381884176272846 0.07763096470519773 0.020891886454168455 -0.33951755240885617 -0.03629852379009975 -0.41354422073764663 -0.14232442433324352 0.0373290022600082 1.2322802346857815 1.051246882098181
18 198 0 0 0 -0.10215356168163897 -0.04210406375500498 0.07316605498674311 0.005262530145337167 -0.3159616686072223 -0.03157083146648819 -0.3678338337360598 -0.16398022509711696 0.005272005225649058 1.2288774262415878 1.1068565358205549
1947 21417 0 0 0 0.01486408371328698 -0.2817756778027568 -0.2560367420345167 -11.00456203086061 0.11706461742164388 0.4030697920116561 7.256325947584843 10.158830336135555 5.142555057430781 -18.542501725016145 12.640962682970716
19 209 0 0 0 -0.10704146178053196 -0.10106156654771489 0.09379767276522356 -0.041991265633700384 -0.29450698824406235 -0.071061412605849 -0.27760805446416925 -0.19682821928743968 -0.006101668772588996 1.1661119190426417 1.0965885081688993
20 220 0 0 0 -0.09078791675767486 -0.07717876661045031 0.14963550505855572 -0.10142422560567906 -0.40067945373638364 -0.06193335651142133 -0.26772969281190906 -0.252142953839999 -0.02738945168077192 1.1283431238380208 1.0748064569877556
1948 21428 0 0 0 0.014877349437326229 -0.2817772613237981 -0.254620833477845 -11.004373189516961 0.12039122491641849 0.40277864955521525 7.256409402960591 10.15568756450837 5.142027982769974 -18.54349707153601 12.650919153463779
21 231 0 0 0 -0.09200104926306146 -0.04002796992478923 0.1376560741776081 -0.07290169470950192 -0.3334235947848135 -0.0858112918765736 -0.21761364140739525 -0.2512544148915338 -0.14133957782828316 1.1310242410234497 1.1172848573273344
22 242 0 0 0 -0.04080142776115736 -0.032181596837604506 0.10842624039322389 -0.09162810086752526 -0.2865581178871488 -0.13188569256450133 -0.22818279992676477 -0.29111337917093744 -0.162653546079197 1.2675691599463224 1.1181620259675926
23 253 0 0 0 -0.04199299070938031 -0.01537332316377455 0.10288940528966418 -0.09114651138112223 -0.24691026023859602 -0.1144668592312334 -0.17519842018277942 -0.3231638546332237 -0.16754317643633865 1.222724203238025 1.1195752311748253
1949 21439 0 0 0 0.01488553953036835 -0.28180725893880165 -0.2543656697188676 -11.003562466685352 0.12188317175834706 0.4021246592349993 7.257071624617505 10.14634154518215 5.142219138403591 -18.54382562942188 12.65028705537954
24 264 0 0 0 -0.05303525774386851 -0.07046996064538108 0.0882368358471901 -0.09782730470161946 -0.2779477560621908 -0.10463464657231128 -0.16236797276408524 -0.1749631156657986 -0.14738159781045615 1.131090708824102 1.169813702367461
25 275 0 0 0 -0.0010641151407870114 -0.09663059568009594 0.05292580930647459 -0.18508475296556365 -0.2551858882067391 -0.17774070758621158 -0.08171822281001687 -0.18821653791682133 -0.15002117574930776 1.0990138877446307 1.161829049891719
1950 21450 0 0 0 0.01491815045719044 -0.28182074069205004 -0.25448329742818193 -11.001758073074088 0.12997210370235765 0.4005450108677486 7.257932038410378 10.134640240915957 5.139654908211582 -18.545050877324982 12.675792098648355
26 286 0 0 0 -0.0031626478448189463 -0.08852015672014825 0.058796534850091335 -0.21052285080289973 -0.30680797944242655 -0.17903367558401692 -0.11116895765926717 -0.21572348779929199 -0.10866966933015208 1.1161481406837854 1.0439273180583928
27 297 0 0 0 -0.05632620888044191 -0.06733139512656483 0.015410679359755222 -0.21060451380286824 -0.27332953913414326 -0.12467370056790747 -0.13828665576918814 -0.19889002502502992 -0.12092708930324161 1.051079659440117 0.981438944332969
28 308 0 0 0 -0.06803596572973318 -0.09771277478759066 0.06897942724198829 -0.21893295952032915 -0.16276729977033483 -0.08965108424003064 -0.10361192022712616 -0.2056658163518209 -0.07226651457781562 0.9837576487539255 1.0262288754411046
29 319 0 0 0 -0.07817987141213505 -0.09378250368730236 0.0634202459915982 -0.19488947208847654 -0.1608521313641187 -0.13340314779229595 -0.14374116478244764 -0.15572439848985645 0.011365018526555457 0.9380005673487626 1.0817672877051034
1951 21461 0 0 0 0.014923961043882107 -0.28182540205457474 -0.25568984674960027 -11.000551661147634 0.12835300792193347 0.39984970069897086 7.258326867269401 10.133123199202558 5.1391821343493325 -18.544520264349092 12.67507498831912
30 330 0 0 0 -0.1188073310301638 -0.06929655056743189 0.15170155203423324 -0.15360626951865577 -0.19774350992720066 -0.0771526357739995 -0.13760011554735901 -0.16734225925590282 0.04955962806529037 0.8416518321453151 1.1039595991274447
31 341 0 0 0 -0.06441860301502805 -0.05572091728906631 0.12167687091470236 -0.19030221251755686 -0.10679461839837498 -0.044114570781512805 -0.19061446696852033 -0.13673997142686198 0.019074204703195537 0.937659482573954 1.0570339346701458
1952 21472 0 0 0 0.014943070100067561 -0.28177532138865746 -0.2552042540962126 -10.999898619478946 0.13698248904954086 0.3990991697854969 7.2583102829116655 10.138464472164094 5.135513459691214 -18.545580773416216 12.71429768810394
32 352 0 0 0 -0.03724374344099163 -0.07414205908045905 0.09758889157861655 -0.18493800140731628 -0.07830371480894148 -0.03613523727283569 -0.2628912528488295 -0.07561992085837786 0.0428772820354195 0.9849750667915915 1.1017408280149454
33 363 0 0 0 0.00021901978796418087 -0.08361984646063116 0.14543908217197618 -0.21425618289923817 -0.06232648450682669 -0.009355277557670249 -0.23055717860353167 0.06468802899964167 0.1200674509902028 1.0303891049651435 1.0951397103293614
34 374 0 0 0 0.005764307450163827 -0.07508870389739966 0.042694966621250385 -0.28539184342895185 -0.16223298256891405 -0.055983811872508116 -0.20423311997884547 -0.08111548766108743 0.08042125151343389 1.0584562457498967 0.9972125725201433
1953 21483 0 0 0 0.01498308093667409 -0.2817926004094089 -0.2550531052341596 -10.999677454031225 0.15120979025250827 0.3982193329277013 7.258591807702607 10.124981204542266 5.1332223647801225 -18.54762451695234 12.750127621868641
35 385 0 0 0 -0.008886311177756283 -0.0878438759916497 0.011717037143643364 -0.3144065135014503 -0.11965915331877545 -0.14162768627212619 -0.23778005762083196 -0.10220198647068043 0.008831525106921229 0.949323761842022 1.0428827190549854
36 396 0 0 0 -0.0012825069735476376 -0.10492617849489574 -0.03469079399499794 -0.34026076184046705 -0.04081011585169633 -0.05893077224049095 -0.27431370765912877 -0.06197072009052252 -0.0019706484178131124 0.9877389253498278 1.0309622417223416
1954 21494 0 0 0 0.015006485541679899 -0.2817760554686709 -0.2539444124968622 -10.996769855692778 0.1556896957665581 0.3951848544901183 7.259234153263001 10.120682851349867 5.129665311318634 -18.548543034236413 12.778475259528447
37 407 0 0 0 -0.03273865628534099 -0.09667077812207352 -0.12484451073360041 -0.3139706197622039 -0.026444034856764283 -0.10899504887372279 -0.2582594054368488 -0.026913275259234884 0.025403209809252602 1.093821492397217 1.0046890899365983
38 418 0 0 0 -0.04658997684851718 -0.09828449949652011 -0.1512861867332374 -0.34267522051412236 -0.035164152922658766 -0.06628460678085943 -0.25579903262300446 -0.03727033505694944 0.01467051317540024 1.0944105242456843 1.0267008238340698
1955 21505 0 0 0 0.015034972671889949 -0.28175453581712984 -0.2535216256923702 -10.99554958155222 0.1593948173539375 0.3942912958898932 7.259257869022971 10.121405445823527 5.127988419951427 -18.549067539170945 12.799371202696483
39 429 0 0 0 -0.0597359822248006 -0.07745100367977141 -0.12021480168293015 -0.4081883041334192 -0.06129844236319103 -0.08502897283947594 -0.2662144099828745 -0.04099967308822555 0.08595029398205513 1.0227471958023968 0.9566104497517759
40 440 0 0 0 -0.08678135133487676 -0.07356399939769127 -0.2067931827781952 -0.38067002812629036 -0.03156572818615744 -0.0375360198738346 -0.30431753180671184 -0.002183372292197311 0.09036203106364213 1.028769815822508 1.0215212886810319
41 451 0 0 0 -0.09206841183052075 -0.057925564094678826 -0.198018377147666 -0.3519686493131216 0.017799721835636204 -0.013407654761517777 -0.2928253598815865 0.04112777535714738 0.13503117435078157 0.9955670691521009 1.0133242791290245
1956 21516 0 0 0 0.015056332808761603 -0.2817281193083689 -0.2534371162846674 -10.991941606552592 0.1650612629279942 0.3905384650302322 7.259983654224294 10.118844230283763 5.123938448301315 -18.550201013947486 12.837311603406786
42 462 0 0 0 -0.11108733688408226 -0.03219305794068004 -0.20056535858907473 -0.3440259047510564 -0.04029543818690986 -0.033749167228020856 -0.31840357744297626 0.005987185983262762 0.09339799380602824 0.9802598498575588 1.0148648980971804
43 473 0 0 0 -0.09298016191145886 -0.06289506720123787 -0.21755538001831076 -0.26763390145296423 -0.050188365407895216 -0.035817311838896713 -0.27657520314799966 0.018925843829165807 0.11311186984019034 0.9893606453389253 1.0070960854750621
1957 21527 0 0 0 0.015069561231207177 -0.28172455346433356 -0.25441711529771804 -10.989510884810022 0.170226681509963 0.3884398906371131 7.260702213337045 10.112362695653069 5.120253780866005 -18.550909597026603 12.862250270697489
44 484 0 0 0 -0.0963161864328013 -0.10771286874134887 -0.24127395432331167 -0.22648797955856484 -0.029454081347707654 0.03662069289846514 -0.26027376817095194 0.073196979377941 0.07076467548776075 0.964891978856321 1.008473111278109
45 495 0 0 0 -0.1067056462282873 -0.11345942819507251 -0.2130161032630749 -0.20226049523569764 -0.07963166684294498 0.0359965499020147 -0.248652780579604 0.03547785564285953 0.046794936417997854 0.92709753891181 0.9888594209181897
46 506 0 0 0 -0.11127237271933448 -0.09469652763752169 -0.10434454788392332 -0.21057602912711731 -0.07570864898067302 0.014389228356279225 -0.22865061026567185 -0.03997080186309507 -0.027607359660282535 0.8995616768243218 0.9897117576870166
1958 21538 0 0 0 0.015083255882593453 -0.28174267404047465 -0.2532414452398776 -10.987090250711745 0.17092097217242763 0.3857407708966562 7.260482622106983 10.103369334802263 5.119019441073457 -18.551710252544442 12.870897148393986
47 517 0 0 0 -0.09484531289842839 -0.0783226584329447 -0.12052596943403066 -0.200677256220325 -0.13914985653051168 -0.05180855218886863 -0.1753734376714372 -0.04173320464159228 -0.08110328383529977 0.8818476986724876 0.9698160752897739
48 528 0 0 0 -0.096143501815822 -0.07496600343377553 -0.13961185811650234 -0.20035715646544353 -0.1517455842181625 -0.11599335355064688 -0.13570973579444934 -0.12052699323937319 -0.17625539749475316 0.862120502759699 0.9508328117948406
1959 21549 0 0 0 0.015079666654917834 -0.28170779077759145 -0.2526653517980064 -10.987134297070481 0.17212668471931403 0.386559701495443 7.261124871520631 10.111679880014822 5.117846015030839 -18.551614096360137 12.88208845114206
49 539 0 0 0 -0.09604864256584267 -0.07807855404989006 -0.14455803700294434 -0.21752592004077573 -0.09848073233266277 -0.06486039488250003 -0.13387000929407245 -0.17443013842081148 -0.21269516873877684 0.787161040588342 0.9231468944861757
50 550 0 0 0 -0.11477273950332788 -0.09650572457156521 -0.15921769393936439 -0.1760519488223744 -0.10274314365950067 0.008630861788182675 -0.14260757217077677 -0.07627272269555442 -0.19006444852193827 0.8309779703445539 0.900526134016429
51 561 0 0 0 -0.11875835871533959 -0.08614163710886583 -0.15815023505123219 -0.22092728334725023 -0.11972369239681234 0.0414533945609348 -0.19691416582826185 -0.137328165710369 -0.21874165132007534 0.834425848452992 0.8693822484346466
1960 21560 0 0 0 0.015195452031970653 -0.28164047210942295 -0.24961357123792038 -10.979848897129706 0.20251796152753082 0.37824146146281884 7.262965852384001 10.095868123091215 5.105127086794674 -18.55601976126595 13.013733758625223
52 572 0 0 0 -0.1113547477072881 -0.09480711495880886 -0.09382806539494723 -0.12796912709712216 -0.07693727980218978 0.07025621973215591 -0.2016362548341447 -0.22048772694873392 -0.21309909667624488 0.787268048524211 0.8285786928061495
53 583 0 0 0 -0.10297826665842083 -0.07365890858580647 -0.11167371735925784 -0.11013001401890653 -0.03392964000406314 -0.027815776022203836 -0.19920118832761496 -0.2700932574224774 -0.22122390557230656 0.8349815181983584 0.8487669862596754
54 594 0 0 0 -0.10197350660378955 -0.05745616917634388 -0.1366792558246863 -0.1936787048521105 -0.014938233140494792 -0.0647049059974553 -0.1783469014527366 -0.3168453554004494 -0.2753947396595941 0.8340426192156326 0.8338733374042948
55 605 0 0 0 -0.10347294299148409 -0.04685280029252806 -0.09291443721237136 -0.21627822996329163 0.02050556109766013 -0.10983123674038013 -0.11869019256318561 -0.3172753145362542 -0.2675416334979897 0.8037888095373142 0.8311240723133142
1961 21571 0 0 0 0.015199544521757572 -0.28168304861084775 -0.2476762732261985 -10.977305063374462 0.19314446936803736 0.37434228729969443 7.262417260199529 10.088969591848628 5.108032493921008 -18.55563870390526 12.990515186373017
56 616 0 0 0 -0.1075487267850693 -0.06547243141389672 -0.09201531990204175 -0.22709044199576528 0.03128124372077269 -0.09455356631502555 -0.11205127428257038 -0.31410143967868176 -0.24289885374096074 0.8210144776368272 0.8722869147102655
57 627 0 0 0 -0.11562874477570634 -0.08029915817696039 -0.05037700952893985 -0.23088838284731217 0.04584771172946058 -0.06534058408796575 -0.10966987305092087 -0.3320197588762274 -0.23986530419840535 0.7448849751253644 0.9599721780787054
1962 21582 0 0 0 0.015128184437900443 -0.28163626308580225 -0.2506622971205707 -10.977061345326899 0.18095992246037385 0.37486845198102814 7.261650910362829 10.1086565683541 5.108759605918362 -18.55401753837116 12.968198898777771
58 638 0 0 0 -0.10634207649894671 -0.10228785182427319 -0.06724775242861643 -0.2658259604495103 0.040790281087607225 -0.07690330830040412 -0.12285719592941156 -0.29358964700616164 -0.20076892315726702 0.7660908109089871 0.930920953905286
59 649 0 0 0 -0.09221189193352294 -0.10531332443562694 -0.06332678663916536 -0.2572411669855541 -0.018554125764820982 -0.031058587164871088 -0.156414836250053 -0.2837919723508081 -0.16580482629171509 0.7881901278535288 0.9451634657706175
60 660 0 0 0 -0.09986852371543209 -0.10703082019863533 -0.04006268112466108 -0.19988818040210699 -0.02929156092673954 0.0035450868263822155 -0.1438826431001534 -0.2404307212831794 -0.11636291742522618 0.7553354395467776 0.9629169496444685
1963 21593 0 0 0 0.015178656742515756 -0.2816463683067389 -0.25134743950971866 -10.978254979921429 0.1887824777287402 0.3755500466234266 7.261295621880766 10.104520318035055 5.109327493071267 -18.55482094901982 12.986157947872252
61 671 0 0 0 -0.1147545436525927 -0.1004127702011843 -0.07809449260751443 -0.22368398016000848 -0.013924042511402135 -0.0642805170391122 -0.10962576763112714 -0.2540271394774765 -0.1858583290589509 0.7935132609013171 0.8905800191143078
62 682 0 0 0 -0.11451251607223562 -0.10557254423759237 -0.11458155449953342 -0.2149017080940667 0.009256991628419647 -0.03672481160231515 -0.10486735651291725 -0.20927044909503986 -0.16267601323208153 0.8630568657351213 0.9194401115789749
1964 21604 0 0 0 0.015183781454295707 -0.2816123096234579 -0.25312736107343486 -10.977851510631746 0.1874628517197014 0.37684607030588435 7.261680489488406 10.114206793786135 5.107888182341654 -18.55406857397783 12.993204427098446
63 693 0 0 0 -0.11487873391870855 -0.09899361816999358 -0.10976614121610896 -0.17557704966404689 -0.006147123388965893 -0.042922814323257556 -0.13248589312481673 -0.17932291846873372 -0.1572284316302829 0.9087570172837317 0.9079474099580179
64 704 0 0 0 -0.10640423316803366 -0.10390067448057638 -0.12095524450987163 -0.1793028952077512 -0.006713346207182294 -0.06443717912975484 -0.11091027038023428 -0.17281782286924285 -0.15728129797630788 0.9584008861623043 0.9082225165084461
65 715 0 0 0 -0.11029010420851178 -0.09825149224689331 -0.11540577541082736 -0.19661893662248353 -0.013573335045311243 -0.05084444492898593 -0.09848067067791631 -0.20361761353362728 -0.17652530018194404 0.9376991780684827 0.8832854278412147
1965 21615 0 0 0 0.015198510824911039 -0.28162201778687435 -0.2528170160111266 -10.971690328688336 0.19165351203815748 0.36997980192702523 7.2621444848512375 10.098937061978791 5.10359825265726 -18.555941639314163 13.028041854135145
66 726 0 0 0 -0.10720683114645363 -0.10918071392688761 -0.12916168070959966 -0.18299316049376055 0.012616554370920949 -0.06973610144434224 -0.08572109334399045 -0.2144147576462487 -0.16644898918666565 0.9803898985810153 0.8803334934345348
67 737 0 0 0 -0.10492549255198438 -0.10666846866574801 -0.11790192028478973 -0.23755434528338165 -0.0009277904110565859 -0.08301490129671521 -0.09393895733136648 -0.2888934431627991 -0.17698943797617273 0.9305645311056284 0.872702118314334
1966 21626 0 0 0 0.015223253050187202 -0.28162197523397076 -0.2515887732362938 -10.972005258071828 0.1957828816436749 0.3704415108004346 7.262701514105606 10.09506534800514 5.1029326090557365 -18.555858050819538 13.037572962659226
68 748 0 0 0 -0.10760049826877477 -0.10093898950963841 -0.1638489076757642 -0.23139727610606958 -0.027248938689983102 -0.10923201881943363 -0.0730465110627502 -0.2447282267777501 -0.21098203173755925 0.9626123512709838 0.8425650370937111
69 759 0 0 0 -0.11090327922331578 -0.1079467746737359 -0.1438585744651206 -0.23493930990616252 -0.03046699561554076 -0.1428186570748636 -0.07034570309033931 -0.25694071000220825 -0.23327694487394024 0.9763693118277992 0.8384971807016007
70 770 0 0 0 -0.1095964796273721 -0.10558239449500041 -0.13155385306046147 -0.2509621149555176 -0.02475113885962782 -0.1466172159943564 -0.04082759022002779 -0.29868366188658896 -0.22876041370104402 0.9410234515044753 0.8444464984709277
1967 21637 0 0 0 0.015312474404308704 -0.2815958817312315 -0.24876507434200254 -10.964356663906388 0.21576013126980034 0.3626980680646089 7.264745631788658 10.076048609698121 5.094264769573874 -18.55967435590049 13.131949135538202
71 781 0 0 0 -0.11477245562275193 -0.10665134014944747 -0.10474401622738692 -0.2599353941359338 0.00826412418181395 -0.18565442683675612 -0.019922220022049346 -0.3484671669624165 -0.24561655775624433 0.9053525313723845 0.8208622942888266
72 792 0 0 0 -0.11254586636859774 -0.10825384185520516 -0.1280765410460674 -0.20175107639722295 0.03769866307139151 -0.1566168694533419 -0.039283006899654714 -0.30784244442318304 -0.22618899457576633 0.9256608622757093 0.8128827288405941
1968 21648 0 0 0 0.015327328996708656 -0.28165751493229824 -0.24784283662414702 -10.964884100543692 0.21208736369947964 0.3638723359728761 7.2652851585388305 10.063131385643537 5.09711955091869 -18.559307961206272 13.10512531803627
73 803 0 0 0 -0.10654731561128741 -0.10835639753812731 -0.12579099991468146 -0.18408171186117572 0.043732738328364995 -0.1431037608911716 -0.04576790105278775 -0.3120494920871067 -0.25894129486584355 0.9260432650619297 0.8164118350113226
74 814 0 0 0 -0.10809047522170492 -0.10772983080956153 -0.11341581136756547 -0.19131646273264252 0.03358829797445368 -0.15884800456166548 -0.010640222481225835 -0.3535786961353271 -0.24051444490374604 0.9409158237132084 0.8117413002024723
75 825 0 0 0 -0.10955424564879467 -0.10699969868054485 -0.10618577588362511 -0.17605512046530986 0.06143264791179588 -0.18796170653901603 0.020543917482455418 -0.3369367080405679 -0.258460876065885 0.9602547250913923 0.7731696818679171
1969 21659 0 0 0 0.015353678403242999 -0.2816201602427362 -0.24579697127623404 -10.96057790579448 0.2174851148791925 0.3595367938099593 7.2666436370627325 10.059556861720866 5.091758183637194 -18.559961343206496 13.147384163717808
76 836 0 0 0 -0.1123327775536117 -0.1060346471289882 -0.13821398617788633 -0.19423968872300168 0.049986789486501856 -0.20291124730331045 0.020714968218400916 -0.34813554946535374 -0.28065184355146694 0.9406866450966026 0.7643377805604024
77 847 0 0 0 -0.10776122473962514 -0.10818895386689464 -0.1321308648337522 -0.1657191566969492 0.03414016891919354 -0.19223807698453896 0.010222158672799754 -0.35158138129270605 -0.260103352567139 0.943401506833455 0.7479790781157956
1970 21670 0 0 0 0.01543256275147501 -0.28169304749818386 -0.24196970853932118 -10.955102523825449 0.22812206997520515 0.3532681905497069 7.267568583263163 10.026187358494647 5.0894818363719 -18.563543479555435 13.185257140646053
78 858 0 0 0 -0.11124940395016347 -0.10812069871996635 -0.1392650273897513 -0.17290178535029854 0.019294325848450585 -0.19274020859020893 0.0037577583876036652 -0.326256593707171 -0.27557485332179144 0.9085967144928548 0.7829311188622653
79 869 0 0 0 -0.10920553575139992 -0.10783578755361913 -0.14053187367352307 -0.1653950591474165 0.03379307157559946 -0.2223186300861939 0.0014059705422919868 -0.3126839270551805 -0.26925720700276945 0.9138887450104054 0.7520689092076558
80 880 0 0 0 -0.11219877288459475 -0.10820798808514817 -0.1261519254544041 -0.19247938895632008 0.030544801950229027 -0.2442342867627225 -0.0026649094128788006 -0.3470759359189812 -0.27824352061839697 0.9064661966188541 0.7584063582175794
81 891 0 0 0 -0.11006352277347298 -0.10989186144946876 -0.13519721848740338 -0.19178938973350995 0.029343058643810753 -0.22993800948371323 -0.007012789761139115 -0.34573853673655736 -0.2849242207632748 0.8871683578492516 0.7546712735151612
1971 21681 0 0 0 0.015499396602739478 -0.2815930515844165 -0.23978311107571912 -10.95317931798065 0.24571794663444865 0.35127351419900144 7.268123648180075 10.035627623757668 5.081808428556264 -18.56482144160597 13.268580870205783
82 902 0 0 0 -0.1096971404617869 -0.10833898152699012 -0.11713564632013798 -0.21253041582986706 0.008054513453670909 -0.24766848594821772 -0.014405910424554478 -0.35726713325460435 -0.29538566010388123 0.8554476128119947 0.7662613523370035
83 913 0 0 0 -0.11363423701381292 -0.10951166411424978 -0.10590404140689746 -0.23078340066009184 0.0028507243222966345 -0.2468878474641638 -0.014594906397588649 -0.35958306464341544 -0.28779037251114636 0.8438206400574164 0.7789567159184997
84 924 0 0 0 -0.11205580485382488 -0.10969746491713141 -0.12777173356332033 -0.21778200385893806 0.004729125295134507 -0.24700748197490355 -0.02672283577579701 -0.3544869043920147 -0.2961513025260405 0.8527162872695165 0.7676118957084614
1972 21692 0 0 0 0.015471721772775839 -0.2815216413862245 -0.24028811129415292 -10.95086230591288 0.24326767940176885 0.3499889463838746 7.268425566642394 10.0507635237427 5.079163311309646 -18.56449282552519 13.287601507526757
85 935 0 0 0 -0.10877521384338465 -0.1112062851931978 -0.1293491819565562 -0.21186932126093475 0.018392546699717193 -0.23556317233552998 -0.008213008029725154 -0.3570542833381093 -0.30050314560123825 0.8522633602354398 0.775102981946363
86 946 0 0 0 -0.10838457365692389 -0.11012414011470635 -0.11878897504638324 -0.21492603184716547 0.014170411276661148 -0.24676751288901116 -0.005978568773522008 -0.3784937978569679 -0.3134970556274171 0.8544494556421507 0.7855724117234013
87 957 0 0 0 -0.1112596643084797 -0.10875421542325588 -0.12847972581943778 -0.22249681087627027 0.009915758754981645 -0.23913980243957642 -0.012866506824430869 -0.36150276071205034 -0.3102277166996652 0.8470894142491933 0.7942015080397494
1973 21703 0 0 0 0.015398786569297686 -0.2814393378150596 -0.24290436786428724 -10.959229842136025 0.23629788743356062 0.3591263280593864 7.267045778868429 10.086016127950032 5.082420544032686 -18.560499738448037 13.248475526478657
88 968 0 0 0 -0.11170039725230761 -0.10889828153056005 -0.14938407796269976 -0.22939270570057974 -0.000838613989454215 -0.23500852766099278 -0.009071143195487054 -0.3611433790929061 -0.3051712693898307 0.8458927799864763 0.7862121209188546
89 979 0 0 0 -0.11207468826680755 -0.1095099636393475 -0.15332220154593768 -0.23145825388297306 -0.02152945579399511 -0.21433790314551157 -0.017801392107393964 -0.36839976663289714 -0.32463631508766283 0.8263766587303943 0.7932141714440201
1974 21714 0 0 0 0.015414038539835 -0.28153878746248967 -0.24101704148733594 -10.961426096034721 0.23916246110207195 0.36198633410447195 7.26739899549511 10.064878926326678 5.087073404265419 -18.562752949853877 13.22070934547803
90 990 0 0 0 -0.11278302566604094 -0.10878312078869784 -0.15379742845362082 -0.24618579979168842 -0.013082387942335802 -0.21468473981263975 -0.023805568851360093 -0.3705813337876714 -0.31856711558786005 0.8264055775412381 0.7936679576590511
91 1001 0 0 0 -0.11258910550459257 -0.10892284387049384 -0.15496049056325292 -0.25830353692408337 -0.023753776786776423 -0.221291092901278 -0.023116710432053086 -0.3946158234283645 -0.32091901406806217 0.8090559532744105 0.8002419673551788
92 1012 0 0 0 -0.11262505403734414 -0.1079500046882609 -0.13467783139332223 -0.2555215715021543 -0.0036099088864098607 -0.21636239567489227 -0.02341967617257354 -0.3884090363647573 -0.3094388521323306 0.7982270601721575 0.8146795549171116
1975 21725 0 0 0 0.01554320883617608 -0.2815037871984695 -0.2369746644035255 -10.951343605483814 0.26478678544772993 0.3505309970222712 7.268997986433547 10.040107073012205 5.0771063957037885 -18.56797203695315 13.345431798776655
93 1023 0 0 0 -0.11114548128976973 -0.10866616894939862 -0.13013730921238617 -0.24887983740508557 -0.008039930099569966 -0.22334597361265193 -0.020381031722767576 -0.36359662214324867 -0.3048625909140483 0.803906567394253 0.8225599756074876
94 1034 0 0 0 -0.11070439878629246 -0.10772832188196742 -0.14199166773978686 -0.2555641334247394 -0.021646317535202013 -0.22827435940636814 -0.03733660924036222 -0.36421226265932755 -0.2972917853548824 0.8009341402550524 0.8184788186398417
95 1045 0 0 0 -0.11089312255095277 -0.1080412427381832 -0.15426677565391875 -0.2556744195910073 -0.036426396519617044 -0.22642539244776078 -0.04391115121095072 -0.35481556620022714 -0.2906741396836168 0.8032955111178025 0.8186564847273572
1976 21736 0 0 0 0.015526787612606547 -0.28159100048828756 -0.23822282023848196 -10.944075907145917 0.2559371987327456 0.34291539470365606 7.26925175194366 10.016603427947313 5.079244422499183 -18.56905188610771 13.330355529067141
96 1056 0 0 0 -0.11345336536730247 -0.10750680629277315 -0.15034075626004345 -0.27258777317362914 -0.04449060150156257 -0.22057581632924375 -0.0602321279819849 -0.35024661273108915 -0.2792868748134589 0.7910680315903711 0.8325910066908305
97 1067 0 0 0 -0.11417609853894943 -0.1064802505980463 -0.16827589612970156 -0.2615918597166027 -0.04345940514806063 -0.21881872496501256 -0.0733008279894325 -0.333104371230549 -0.27203374009360565 0.7978246142048424 0.8394818557187329
98 1078 0 0 0 -0.11372738732168222 -0.10783144998154798 -0.1577321939850867 -0.26468616991480903 -0.04830478276658402 -0.22756147865566315 -0.07039620168800287 -0.3489756757027461 -0.27034575712191006 0.784172489936024 0.8324395319057777
1977 21747 0 0 0 0.015571539179552757 -0.2815272702789264 -0.2406209891998545 -10.940296316010258 0.2629755792483203 0.3387691896632254 7.268541388022356 10.023023820516611 5.072435403340695 -18.56991840672078 13.388015466899432
99 1089 0 0 0 -0.11328240359757857 -0.10739112625969977 -0.14711886402702987 -0.2671864509840004 -0.057210747420774664 -0.24342627482271526 -0.06642232854224557 -0.33803161686275507 -0.27761538933478663 0.7891572195028753 0.8360227279737314
100 1100 0 0 0 -0.11328466662017592 -0.1080747148316216 -0.1672180803574996 -0.2611591216762512 -0.052725410883396 -0.23700506664560428 -0.059083009620988426 -0.32210137075573847 -0.2741252983300989 0.8077495611941755 0.8407176921779246
101 1111 0 0 0 -0.11424986463183785 -0.10795988714586943 -0.16226786596322096 -0.2667518016697937 -0.04947223225396304 -0.2586835433036422 -0.04835938139746905 -0.3297372812122293 -0.288949337666846 0.8044632156818119 0.8379540516018164
1978 21758 0 0 0 0.015609998204790598 -0.28149770717766726 -0.24241876090610578 -10.938595297580738 0.2682789477497889 0.3364836587315101 7.26934990226939 10.026248186812653 5.069966437909708 -18.570200411254728 13.421130149646707
102 1122 0 0 0 -0.1129814648751079 -0.10799824554822939 -0.159975340731174 -0.2580344074183916 -0.054450704916329404 -0.256027675315293 -0.049912322212175 -0.3392149910720298 -0.28312966004849655 0.8106069201437209 0.833172116758132
103 1133 0 0 0 -0.11263567197444647 -0.10776790155257535 -0.1739204564120518 -0.26255452404930524 -0.060394087369354206 -0.2625242756030755 -0.04585658166944081 -0.34601268520913797 -0.2886210942502864 0.8037590615829623 0.832312823193714
1979 21769 0 0 0 0.015530257387181935 -0.2814268970283992 -0.2444247343325799 -10.952469855787522 0.2501120767929326 0.3508203762805954 7.265949120589729 10.078032747645945 5.079070091349344 -18.56481669203299 13.331849026438332
104 1144 0 0 0 -0.11311021333402219 -0.10786158437090826 -0.1779074586592241 -0.2717302014873549 -0.06576423386125253 -0.27012397661299803 -0.05862944400950632 -0.3515919188273401 -0.2988859018432972 0.7853560752171123 0.8347259962135817
105 1155 0 0 0 -0.11219889418496401 -0.1077538475079962 -0.18325483656429953 -0.2687578727339707 -0.06240082728014652 -0.26873138127507795 -0.062128725607907095 -0.34158480074872194 -0.2910014572475624 0.8096019426328697 0.8413083445271132
106 1166 0 0 0 -0.11214207446510063 -0.10800625105714451 -0.18968414072857817 -0.27152858282186215 -0.08175359941925527 -0.25797480471239653 -0.0825265845435016 -0.33143695327783174 -0.2830183369006649 0.8075878771096707 0.8466679391307484
1980 21780 0 0 0 0.015603002603397201 -0.28147614091377815 -0.24018716891809105 -10.945143574518747 0.25778314936801294 0.3437953597737522 7.267074421413912 10.046640750194088 5.074857741290069 -18.56750878790543 13.373065674684646
107 1177 0 0 0 -0.11345979237000482 -0.10794779204060521 -0.19071394639766148 -0.27687941308694874 -0.10198030248795166 -0.2591545538656313 -0.0824489710362434 -0.34045989627232026 -0.2830845397207719 0.79601257559393 0.8529650452732502
108 1188 0 0 0 -0.11304232456289752 -0.10809458101696079 -0.20019094687928332 -0.27096774872419327 -0.0999465799434637 -0.2674630832991621 -0.08907591456642443 -0.3486425448988454 -0.2699968549871422 0.7965588355610034 0.8474508996289007
109 1199 0 0 0 -0.11330819842263047 -0.10791617949744406 -0.20055830670224298 -0.27124002249013635 -0.09521321295877587 -0.26630827903634474 -0.09002726226808022 -0.3413681661956792 -0.2634514376056894 0.8078504158017287 0.8505805760431125
110 1210 0 0 0 -0.11345548780949159 -0.1081824711716254 -0.17516792332207223 -0.2673243333641206 -0.08988864871061257 -0.2656223138659417 -0.07610900649391233 -0.3562990955517951 -0.2618254415423222 0.7943300779941183 0.848488955705547
1981 21791 0 0 0 0.01553743298650067 -0.2814534636951882 -0.24346252882704095 -10.948775654923438 0.2474442636695012 0.347111053358603 7.267559349074105 10.063953362835694 5.077740265899842 -18.56374615317555 13.333711847642023
111 1221 0 0 0 -0.11318167925021169 -0.10823758925488834 -0.19435834986162762 -0.26581610844556375 -0.08830099454876725 -0.26714832270797817 -0.08684108981172543 -0.3630321528783308 -0.2601217831704311 0.7990528455831498 0.8413265633426401
112 1232 0 0 0 -0.1132455736486854 -0.10879506482100817 -0.19989833183977987 -0.2653877026327862 -0.09382379388026843 -0.2655913892894839 -0.09361953281505755 -0.37039588467234774 -0.27115560854428666 0.8034485954550471 0.8350041450217373
113 1243 0 0 0 -0.1129806036924464 -0.10788458275998605 -0.2031064805034653 -0.26598488425888533 -0.09839266371651102 -0.2676787477830907 -0.0958817536573522 -0.37317876135833716 -0.2520191619650773 0.8082948592873771 0.8312443141601376
1982 21802 0 0 0 0.0155451579480281 -0.2815028927838359 -0.24304068546210145 -10.945234194898259 0.2391480060806787 0.3435883983674732 7.26684253166447 10.05175688130327 5.079855001315592 -18.563272377439024 13.315973572620628
114 1254 0 0 0 -0.11291320093274786 -0.10711453744808017 -0.19912786409520272 -0.26300368790999545 -0.10848618242346661 -0.2748226597166956 -0.10025546134237501 -0.3580970495975916 -0.2545325984687412 0.8126380168586824 0.8319843905580224
115 1265 0 0 0 -0.11255083639316141 -0.10766176115784785 -0.19866501124878783 -0.262815773348468 -0.11761238761440257 -0.2749995806757767 -0.11021472633661483 -0.3593276258388848 -0.24509640636165586 0.8147357720362257 0.8365741647858844
1983 21813 0 0 0 0.01566029412813739 -0.2815684787532839 -0.24152259701033912 -10.945606347128095 0.26485073661887226 0.3435583630480481 7.2662410188483895 10.017426735946959 5.0777473248696765 -18.56791986157188 13.369713350548926
116 1276 0 0 0 -0.11276405850934687 -0.10814382447107707 -0.20458279314368277 -0.2687281232341625 -0.12864172376613794 -0.2764262215779831 -0.12150256066379486 -0.3619283642068507 -0.2297067855754196 0.8113567124387422 0.8373464059633238
117 1287 0 0 0 -0.11267131202463299 -0.10762327945813357 -0.19871478365732506 -0.27605079775846886 -0.13052195565516103 -0.2743520284323915 -0.12576081392479194 -0.3697398063308826 -0.22941172272569224 0.7984062224633113 0.8431687544182219
118 1298 0 0 0 -0.11315142829494718 -0.10797675849206731 -0.21797742443733417 -0.2773294356924325 -0.1455273612005771 -0.2913655051548024 -0.13665713897226583 -0.36035687666311145 -0.2183493307777227 0.8071304332222272 0.8378103586543857
1984 21824 0 0 0 0.0156217317224186 -0.28162315796216475 -0.23753197049070346 -10.947842122466055 0.24770319263397267 0.3459066219463022 7.263809966670289 10.01828999706088 5.08422270968264 -18.56673224923606 13.300572221914962
119 1309 0 0 0 -0.11307512697569158 -0.10754806166952108 -0.22546206612562478 -0.2711604192648365 -0.14261727961808424 -0.29038039962362716 -0.135125721097566 -0.36722185769800686 -0.21996469208757033 0.8010883020947608 0.828474599876886
120 1320 0 0 0 -0.1136583896591504 -0.10747583696107867 -0.22250048226475863 -0.27637565291867455 -0.15880163917247436 -0.2885127965641166 -0.15446613978950474 -0.36646800811317554 -0.20164776507562462 0.7976447618686902 0.8259463102661009
1985 21835 0 0 0 0.015524094480227797 -0.28155674996307484 -0.24010491541274873 -10.958751680688504 0.23239855577604862 0.35736753652021674 7.262064856456433 10.060693961177213 5.089528088230439 -18.561946696959083 13.226453833223985
121 1331 0 0 0 -0.11355637024259159 -0.10778814500904652 -0.23669990174009453 -0.2823584911420046 -0.17406867152017502 -0.3046777783213902 -0.162861623356679 -0.36687808230211577 -0.18785692599563963 0.803415296534094 0.8281490299873093
122 1342 0 0 0 -0.11403719659687982 -0.10745827558395644 -0.25444455539891564 -0.2916556080286714 -0.1874681975007487 -0.30202370961136493 -0.18685521854077933 -0.3670927258551842 -0.17350223839480536 0.8098761343597095 0.840947726537411
123 1353 0 0 0 -0.11427794683404985 -0.10742757483598322 -0.276830948173952 -0.2954046805399291 -0.19996617335662817 -0.29819075908486314 -0.20682110159946726 -0.36864334486741646 -0.15306659023089533 0.8307077537512406 0.8518296941391887
1986 21846 0 0 0 0.015501426861808599 -0.2814903087707365 -0.23819357184872642 -10.95593433691354 0.23465997026178095 0.35545877165047485 7.264140288128011 10.070486081360531 5.086330936161022 -18.56229592091618 13.259611319212047
124 1364 0 0 0 -0.11298790562240964 -0.10734581577761836 -0.26258202760218025 -0.293978417602259 -0.18412292540968847 -0.2790217493416797 -0.20275779559407797 -0.36711028662740225 -0.15120028926769738 0.8349068734053138 0.8567969838587565
125 1375 0 0 0 -0.11318819367314473 -0.10722277560379141 -0.2540462583125228 -0.2928264077530349 -0.20468900408759738 -0.28052461003280127 -0.19552773969923956 -0.36921126305307556 -0.16627903032872968 0.8019716291292228 0.844144106471291
126 1386 0 0 0 -0.11337588002349176 -0.10701792238390621 -0.2596173635352139 -0.28602412426114654 -0.20816702859328667 -0.2898099821989842 -0.19037750693956557 -0.3708312287305186 -0.18100774831343963 0.7989089710334606 0.8352420992134741
1987 21857 0 0 0 0.015486224906009345 -0.2815849111278372 -0.2352352186389779 -10.954248548533792 0.23479578278633503 0.3542304039642438 7.266337832112241 10.045184871999508 5.088917082116721 -18.563945566385588 13.241211641934532
127 1397 0 0 0 -0.11367256214173296 -0.10713982188384796 -0.250074701035202 -0.2927743872863877 -0.2063068653917787 -0.2970220667434317 -0.19509888828981217 -0.3639155833142168 -0.1875677567020652 0.8028521314860767 0.8419168949941359
128 1408 0 0 0 -0.11342921375134227 -0.10805250855846879 -0.2640167620172451 -0.29861334752403446 -0.21436843358786592 -0.29449284088876737 -0.2007016779927749 -0.3852897957225772 -0.20434681962917192 0.7952990731399938 0.8321793749628594
1988 21868 0 0 0 0.015384650685435434 -0.2815367625558921 -0.23621307113169676 -10.957778131955125 0.20379941549525105 0.35920477299741865 7.2641780065591535 10.083068173955937 5.0955738726817215 -18.558582449513555 13.155084743685663
129 1419 0 0 0 -0.11360225056245957 -0.10798241953601437 -0.2707827414828804 -0.2971546320104884 -0.2159873325555261 -0.2960497281263904 -0.19828434278801604 -0.3955094286977871 -0.2236128635706727 0.7943170945052287 0.8299875815680325
130 1430 0 0 0 -0.1136076147198334 -0.10697430765391884 -0.2862712577276141 -0.28903284629286824 -0.22831377601601405 -0.2851028924472409 -0.21545408789560608 -0.3756050766374088 -0.212436053668914 0.7938024078320476 0.838646420101161
131 1441 0 0 0 -0.11328469219399837 -0.10733331321879941 -0.2848820492868845 -0.2916037231993675 -0.23455634626782582 -0.2901001607083137 -0.22221832491581822 -0.3836421900386108 -0.20337584458530156 0.7986016172847962 0.8329938944459268
1989 21879 0 0 0 0.015255166247859634 -0.28150310066661466 -0.2367386799138684 -10.958514781957781 0.1761892300965319 0.35947021360825593 7.263476454912876 10.111969434426822 5.099998974928434 -18.55562586369846 13.08760830258373
132 1452 0 0 0 -0.11347869209101248 -0.10737151361999836 -0.30655552059771574 -0.2951681072478794 -0.2599490702261295 -0.29107548159520924 -0.2544153651871547 -0.3789566511862704 -0.18360769950750044 0.8129234844357768 0.8383928315168718
133 1463 0 0 0 -0.11404071046369466 -0.10776315073626622 -0.30664372486839436 -0.3011672891388759 -0.26897465552025923 -0.28846262731631306 -0.2601382909501254 -0.38894737812311564 -0.18135773484011175 0.8034469736943803 0.8323407517965288
134 1474 0 0 0 -0.11363808480085691 -0.10801223748549958 -0.28442037924092745 -0.28809633954311775 -0.2651055120068073 -0.28167136842659474 -0.2513829708961996 -0.37899773898385325 -0.19264606300771242 0.8050007631380349 0.8316303344571815
1990 21890 0 0 0 0.015317531721217251 -0.281581475599153 -0.23255783985968792 -10.958768018216697 0.18766008164262135 0.35966987537644074 7.265477644642686 10.08363879880869 5.101408251745067 -18.55765086212931 13.10284571336563
135 1485 0 0 0 -0.11358887774166278 -0.10778549482404659 -0.2900805254448999 -0.2901652471649962 -0.26369978312332426 -0.28009069369429396 -0.2549808358797204 -0.38900882860082764 -0.20963800568912908 0.7958478199640278 0.8219688438618288
136 1496 0 0 0 -0.11417984792609362 -0.107873553170833 -0.29965369155503274 -0.28496399786518056 -0.26262290610400674 -0.286584178242392 -0.26408421710874297 -0.39014246766758365 -0.18863078269465489 0.8034765632157301 0.8192744664504464
137 1507 0 0 0 -0.11407254936636936 -0.10786270723535113 -0.3140348234713025 -0.2833952116466439 -0.26775287618427235 -0.29507822919315774 -0.26016565016418014 -0.3860289469111184 -0.18640806758961764 0.8147922058803324 0.8249191675395688
138 1518 0 0 0 -0.11413571696160608 -0.10795007757459087 -0.323852154795151 -0.2819721236030938 -0.2779280856747281 -0.2916156509966969 -0.27206365480818157 -0.38517909135182543 -0.17972331269508707 0.8149960418796501 0.8271771349564647
1991 21901 0 0 0 0.015408487522761504 -0.2815967643335969 -0.2327555438288099 -10.960924340935307 0.20671705948023558 0.3610281683982783 7.264413987077604 10.069938295628663 5.0999114848254745 -18.558722043356774 13.144283119498413
139 1529 0 0 0 -0.11405204323222798 -0.10774485865963936 -0.3226903887340388 -0.27424701984819766 -0.2695478227376984 -0.28417213072360953 -0.2632798334088129 -0.3755670399577571 -0.18243383135479266 0.8096424388132779 0.8323297953583747
140 1540 0 0 0 -0.11301647776513515 -0.1078041603190931 -0.3140910609999556 -0.2657706315349007 -0.26244337452115346 -0.27157510190240847 -0.26016595673185583 -0.3726033491978809 -0.18049996367660834 0.8189649187894743 0.829768329926131
1992 21912 0 0 0 0.015429226110642465 -0.2816101101309001 -0.22956900904825253 -10.957892608990647 0.21377164297094423 0.35966008843669117 7.26534204170172 10.055971513237527 5.0988206515425505 -18.56166528162387 13.167953223772926
141 1551 0 0 0 -0.11349881116632622 -0.10726778795690003 -0.31090501316327873 -0.2717296665137516 -0.2713614742019092 -0.2801512184366849 -0.2628068283138802 -0.3770279040237708 -0.17480746748588252 0.8116363533154926 0.8333982192010551
142 1562 0 0 0 -0.11343630142788261 -0.10760790865989167 -0.3122562146940971 -0.272605754511939 -0.2695016182044386 -0.2775679352583112 -0.26795257745119283 -0.3859144129610533 -0.18994853906902984 0.8078429107497531 0.8262503175923537
143 1573 0 0 0 -0.11414310158991699 -0.10782666758657167 -0.31911481901116984 -0.2676907772164223 -0.26927831674845937 -0.27714310505895345 -0.26828751224495584 -0.38749362568847906 -0.2056720853380929 0.8013968779307677 0.824479428158797
1993 21923 0 0 0 0.015353190391802742 -0.28157079888505554 -0.22584007361662153 -10.960101553705222 0.20060057466329503 0.362055788505288 7.266381899038652 10.077538439277609 5.101795428109268 -18.560485333448494 13.135926127262566
144 1584 0 0 0 -0.11432904069059878 -0.1077464611873669 -0.3266021641488827 -0.2643851654858453 -0.27241578752582374 -0.27572652236635603 -0.2703764977807718 -0.39934390830414046 -0.2155244214376536 0.7953066940889907 0.8212084776656914
145 1595 0 0 0 -0.11421590085931688 -0.1077378491539975 -0.32477371399845895 -0.2662703383719516 -0.2766185753484164 -0.268681867632889 -0.2729143992869412 -0.39645943998587946 -0.20819998305304044 0.796967656976381 0.8236514818708411
1994 21934 0 0 0 0.015522604376958682 -0.28150383081205343 -0.22072108448816227 -10.954539500308037 0.24597140074763882 0.35662750845919117 7.270924457469687 10.057064854004519 5.0879276577489705 -18.566600347995717 13.301449343648116
146 1606 0 0 0 -0.11440949601220242 -0.10791385256562114 -0.3394519117606713 -0.2599712567849995 -0.28306878459732954 -0.2691974817576742 -0.2769814787952825 -0.39795789460843817 -0.21538010307318892 0.7997158769982317 0.8159465766237236
147 1617 0 0 0 -0.11390331506474949 -0.10794196065549891 -0.33303968456648825 -0.2634400209336571 -0.2806830099599785 -0.27118162604389906 -0.2768468915579818 -0.4042700417824246 -0.2129463077161854 0.7930433758575498 0.824657642135232
148 1628 0 0 0 -0.11391877149526236 -0.10766154020267489 -0.3327018930506861 -0.2619535526309587 -0.28662537751137684 -0.2675697184535847 -0.28887430501179656 -0.40134339635073074 -0.21205762374754306 0.7895330342241275 0.8258029087994307
1995 21945 0 0 0 0.015494709101403537 -0.2814815925250221 -0.21859585944187732 -10.951292337284983 0.23728989441333548 0.35410547954008864 7.271946699371214 10.061368096047888 5.085136357431506 -18.566202115133013 13.296354012207521
149 1639 0 0 0 -0.11434894998672343 -0.10776406186580202 -0.32620930272597537 -0.26473920825254876 -0.28877402848900907 -0.26985105710209123 -0.28834592827309957 -0.41063621228718283 -0.22179754279722713 0.7820505107808594 0.8240661098865067
150 1650 0 0 0 -0.11413835695047105 -0.10765261540012105 -0.33123072304839946 -0.26125585912334226 -0.2951033316690414 -0.25929422654986933 -0.2990081827982615 -0.4062145112133699 -0.21769457811502257 0.7803686087256445 0.826768356533954
151 1661 0 0 0 -0.114242474711056 -0.10770235462029537 -0.3251756779004157 -0.26315686815441525 -0.29942910946767287 -0.2593699203746114 -0.30440689976730584 -0.4044292230407882 -0.21088016768184048 0.7776707089310793 0.8296207972076322
1996 21956 0 0 0 0.015585876633756646 -0.28148792717652954 -0.21515852040214611 -10.93696869423127 0.24857423416381577 0.3398938684242787 7.27339208872191 10.028007140682167 5.07434423372771 -18.571107251265204 13.386906910826712
152 1672 0 0 0 -0.11421451001429232 -0.10806960598265371 -0.31900938683916014 -0.2586168215667486 -0.2986345613724009 -0.258220080293786 -0.305452455387863 -0.4133632084791591 -0.22568129548867946 0.7718995050964081 0.8233959100007788
153 1683 0 0 0 -0.11440697035393642 -0.10800327803244593 -0.31735568345404414 -0.26248527986999115 -0.28821446281364377 -0.26301692381816805 -0.2886408876839489 -0.4120455509452299 -0.2305130310959592 0.770440988124917 0.832181529999733
1997 21967 0 0 0 0.015532669842550919 -0.2814495074228943 -0.21266871172833945 -10.947478509533237 0.22439396154207425 0.3513891132610614 7.271615440615775 10.065820038179599 5.082510981386258 -18.565172410688103 13.293649412323965
154 1694 0 0 0 -0.1143858456394308 -0.10798368136892283 -0.33149109661614673 -0.26345139510253507 -0.2951744192639886 -0.27078815968996783 -0.2967638046436089 -0.40896833416155737 -0.2114403576164879 0.7785608883483888 0.832308759121713
155 1705 0 0 0 -0.11430064920541702 -0.10817656606984626 -0.32721845671227007 -0.2629079780135335 -0.29812564969912103 -0.26379907269050984 -0.2962207112542539 -0.40839734264782745 -0.20756951355256345 0.7785279785446415 0.829886742047987
156 1716 0 0 0 -0.11453029232896694 -0.10807636232334106 -0.3320605883501181 -0.26715808469542857 -0.30913674468452745 -0.26964194214211107 -0.30880566597181813 -0.4122492206026813 -0.19951187587889008 0.7755756004691107 0.8261366891531884
1998 21978 0 0 0 0.015622882541513339 -0.28144113164082996 -0.20758214862661561 -10.94938266681337 0.2481697669420294 0.35012724175780074 7.270840073617283 10.05625112937109 5.07854063924699 -18.56970073631188 13.35749186863485
157 1727 0 0 0 -0.11450078065440361 -0.108031859877181 -0.3270617786870103 -0.26299132358264304 -0.3039052204915836 -0.26514429322475835 -0.30494473879268863 -0.4101255340772422 -0.19816909272247896 0.7703339649617125 0.8278104435527912
158 1738 0 0 0 -0.11441826935970527 -0.10815723844950217 -0.3208475119360929 -0.25976953368470174 -0.2993932536645591 -0.25958576839010367 -0.3011439120612316 -0.41261032573638023 -0.20924686522441732 0.764517928001032 0.8223347957062079
1999 21989 0 0 0 0.015541044981412618 -0.2815115808662995 -0.2074389342628021 -10.954811950408223 0.2189974130364202 0.3544540523933699 7.267647562493057 10.062796555793161 5.089315432098987 -18.566100107970716 13.23271264772872
159 1749 0 0 0 -0.1146555781244983 -0.10807454954700818 -0.3248845785879172 -0.2611902332054408 -0.3078280979802919 -0.2605155856831074 -0.30847251267828013 -0.4129734312367066 -0.20893086367658484 0.7572523425608118 0.8260447016578155
160 1760 0 0 0 -0.11459937718345191 -0.10802606718739526 -0.32751150525561046 -0.2570862117096818 -0.30436472483050164 -0.26042966097069464 -0.3004646099102271 -0.405548614488981 -0.21314854422271345 0.7646732621519146 0.8263151023451857
161 1771 0 0 0 -0.11472044087477268 -0.10811749584536613 -0.326463186459438 -0.2555563867778077 -0.3057054104277153 -0.2564217754365871 -0.3035543673023009 -0.4080757941004578 -0.21340137366549952 0.7593236906085972 0.8246018115623175
2000 22000 0 0 0 0.015524420657523574 -0.28148095841731763 -0.20987217412494108 -10.952574443614717 0.20945566472898408 0.3520108754215713 7.2664429827973 10.077762502523894 5.0897824310629805 -18.56401188696794 13.224062657574565
162 1782 0 0 0 -0.11438824450529739 -0.10824294407082147 -0.3304952311711724 -0.25646990365856837 -0.3070687960600927 -0.2559404728702972 -0.30209308605451013 -0.40810385126345367 -0.21336461603297815 0.7706563508694018 0.8237910084501291
163 1793 0 0 0 -0.11457999110378508 -0.10827572746771612 -0.3295749986226362 -0.2591602104998586 -0.3034031601818178 -0.25703557370201385 -0.2974056515544195 -0.41597682694124033 -0.21774029721390856 0.7620715524573054 0.822136712683096
164 1804 0 0 0 -0.11481404650126596 -0.1082123580847374 -0.33056339777916927 -0.2589755637764467 -0.30636764200905336 -0.26120434569101364 -0.2991987527806125 -0.4146429558379317 -0.21946635995814462 0.7613367777224922 0.8219914804649349
165 1815 0 0 0 -0.11490627954956918 -0.10823807775746093 -0.33038737140074403 -0.26167390959216397 -0.30814517109751666 -0.26274823922216217 -0.3013515244725247 -0.41774577108892486 -0.22093834669182524 0.7559103278426076 0.8197204500356983
2001 22011 0 0 0 0.015633450499070466 -0.28150298306860677 -0.20897542527568272 -10.945404121778818 0.24025311827361612 0.3475941900448312 7.271416028716321 10.042146315086688 5.079610144793428 -18.569851166894914 13.32911652732278
166 1826 0 0 0 -0.11479787273298325 -0.10815164374313793 -0.3342967912330611 -0.2604638871659557 -0.31033409746572305 -0.2580384702517489 -0.3087184225938782 -0.4158062105094353 -0.22145204522490072 0.7569960862821636 0.824936125503161
167 1837 0 0 0 -0.11460292445992724 -0.10813646453024565 -0.33504601974293624 -0.25566681073483366 -0.3131349648060667 -0.2565229283708033 -0.31181747156583384 -0.41216656510795535 -0.22710307269296875 0.7586878221829374 0.8269518389015594
168 1848 0 0 0 -0.11464501905802496 -0.1081085308853082 -0.34123414759389087 -0.2520457239810074 -0.31634135140756797 -0.25452667137436713 -0.3173021921389815 -0.4089690844612103 -0.22802109667714332 0.7606077305752963 0.8260385812068645
2002 22022 0 0 0 0.015646629573630402 -0.28146711993716195 -0.2052429655395551 -10.944578780721315 0.24304276246730888 0.3440098341110104 7.271127527992556 10.041103958107549 5.074018414172728 -18.569437226652454 13.350648783691197
169 1859 0 0 0 -0.11471677876729915 -0.10814388975459144 -0.34190986120191624 -0.25233273385110083 -0.3198125538500834 -0.2543270582706758 -0.3210653763355743 -0.4048233049080791 -0.22734430030950195 0.759590667098997 0.8237355905154523
170 1870 0 0 0 -0.11472727509053517 -0.10814198805360166 -0.34164633686711465 -0.2520330025834707 -0.32227280689623816 -0.250600802059545 -0.32179924776631824 -0.4048011429384488 -0.22788211640214595 0.758989756776649 0.825490789453261
2003 22033 0 0 0 0.015619720441806395 -0.28147304846517884 -0.20406875353692286 -10.95425000329431 0.2423036140400841 0.3542442044781714 7.270843794025953 10.052372783256763 5.081248170286161 -18.567936661653164 13.31005507460609
171 1881 0 0 0 -0.11464634470592555 -0.10815106410367051 -0.3344686615353695 -0.2548830811643644 -0.3177600947419779 -0.2498638065437045 -0.316242104713369 -0.4047458619353728 -0.23098774261591037 0.7567158670514949 0.830307365640169
172 1892 0 0 0 -0.11474160322262462 -0.1081923965315191 -0.33678546392279585 -0.2573525034277039 -0.3207280230070631 -0.25303923016042973 -0.3177402597656257 -0.40301331027861903 -0.2279127262411105 0.7611108112559399 0.8310888037927767
173 1903 0 0 0 -0.11477905016540582 -0.10810080872541569 -0.33280890576619704 -0.25638869438551887 -0.31511613137933225 -0.2541346259387091 -0.31412640391950747 -0.4059789697092366 -0.22457706190897986 0.7583491730514234 0.8272395527429993
2004 22044 0 0 0 0.01573870575075647 -0.28145235001786495 -0.19971528871657412 -10.950911764253897 0.2536634892867796 0.35199646498312 7.270137516522487 10.043584331096971 5.076839547870029 -18.570295291102656 13.364073587843787
174 1914 0 0 0 -0.1148552001703889 -0.10813458306693104 -0.3361823677791267 -0.2543526769793394 -0.31872012523123605 -0.2539041248041391 -0.3184163284005989 -0.40201052962052175 -0.2258564330019806 0.7539595965261083 0.8256728760316703
175 1925 0 0 0 -0.11473848544666694 -0.10809901609890613 -0.34007206915144916 -0.25146881251933484 -0.32338167527744655 -0.25101289972720287 -0.3220558773614624 -0.4009730202276249 -0.2266836526319415 0.7574664555665235 0.8242821430629778
176 1936 0 0 0 -0.11477984492095403 -0.10818106889799373 -0.33742444879635547 -0.25047384190552546 -0.32306580238501725 -0.2519738941709459 -0.3197971193706314 -0.4051020462350005 -0.2277010194779879 0.7552535657453381 0.8219958978343279
2005 22055 0 0 0 0.015745848209842744 -0.2813930551639529 -0.19739177643364517 -10.949818340698274 0.2527281658291161 0.3527130154334143 7.269472454222084 10.050394846668917 5.073226405965154 -18.5699975775088 13.377917378560685
177 1947 0 0 0 -0.11494246067539414 -0.10817924592394398 -0.337403314116577 -0.2501617817805673 -0.3232904598212315 -0.2508107941189075 -0.319626764577049 -0.40592227144772963 -0.23196424616411063 0.7493940939528759 0.8200466243513361
178 1958 0 0 0 -0.11488331671270187 -0.10810601639604385 -0.3398790004142912 -0.2468210953278089 -0.32640926579509105 -0.24670987142604817 -0.3246511591609039 -0.4016760335919943 -0.23310191595833363 0.7491367243901329 0.8200499449439396
2006 22066 0 0 0 0.0156715235109228 -0.28133451314145014 -0.19443748222746346 -10.961474944557757 0.2377209827727079 0.3645418890335423 7.267623000567376 10.088300890707233 5.080790995937524 -18.56616234228255 13.304584583872002
179 1969 0 0 0 -0.1148122266889273 -0.10826605942857231 -0.3394610181987785 -0.24691175071570198 -0.32873597439134405 -0.2505631018158809 -0.32586588349676227 -0.40046218994124844 -0.23428663533011668 0.7519456797525501 0.8199374571260629
180 1980 0 0 0 -0.11507817252272842 -0.10824651697474096 -0.34011735071240473 -0.24805664439581449 -0.3289759127259803 -0.2501880411413931 -0.32754410129248107 -0.39946939950287175 -0.23639919623035638 0.7469007938494833 0.8204543434932554
181 1991 0 0 0 -0.11511048816508418 -0.1082121211157594 -0.3399272185401986 -0.2462315865887517 -0.3299328454644476 -0.24630858167453035 -0.3283004181528832 -0.3984844353900926 -0.24398077552456957 0.7430419000542721 0.8214058697512083
2007 22077 0 0 0 0.015622135473623785 -0.2813895434684256 -0.1953552331479938 -10.975281906191235 0.21914224736828383 0.3790108360335744 7.264542026419657 10.107194098230984 5.094841296045666 -18.562229748892445 13.185436486948737
182 2002 0 0 0 -0.11512410666687581 -0.10821990823981961 -0.33883141704915026 -0.24560949600579934 -0.3316351288886469 -0.24559508814007197 -0.33003218982460136 -0.3930145210808288 -0.24736372933706335 0.7449585328466374 0.8201642256103832
183 2013 0 0 0 -0.11506484506290772 -0.10833059031305747 -0.33483090837937246 -0.24407154451747062 -0.3349872265223224 -0.24297109303855405 -0.3332490355644809 -0.39577641541730235 -0.25408217680086465 0.7432312556414638 0.8219864296156149
2008 22088 0 0 0 0.015675187762388836 -0.2812207764740035 -0.19764705435202923 -10.97147714517883 0.2322593095051665 0.37360324998002686 7.26178011956113 10.134880002150526 5.08324597419139 -18.561913428966445 13.280569065691537
184 2024 0 0 0 -0.1150606766100918 -0.1082206758851298 -0.33784731466893714 -0.24165325787616454 -0.3388150537321155 -0.2407916228265791 -0.3384798737686429 -0.39058831767198265 -0.2579121702805135 0.7428848984884086 0.8224715202713901
185 2035 0 0 0 -0.11497774937393562 -0.10818684065900863 -0.3374525041823959 -0.23914865756627995 -0.33926304637832094 -0.23861088245200268 -0.33762389711246116 -0.3900278652260611 -0.25314514128693844 0.7458584394815976 0.8204633206441032
186 2046 0 0 0 -0.1152017976626698 -0.10831080999593147 -0.340870667368184 -0.23850894468641798 -0.3378051257816372 -0.23532431960067723 -0.3371884898775799 -0.3903627510430589 -0.26295629684187205 0.7423411255699744 0.8192349346352823
2009 22099 0 0 0 0.015877556863803446 -0.2812437500440292 -0.19151098179907453 -10.957806392980952 0.2645251992347005 0.3621178061713284 7.2643431735541215 10.088151220592747 5.072904589931727 -18.570120233417367 13.425399135535653
187 2057 0 0 0 -0.11516098079914752 -0.1084161756741023 -0.3429696303018351 -0.24022183291349145 -0.34258812685342477 -0.23638736380213643 -0.3400660273808203 -0.38962479604547673 -0.2616891537365792 0.7488848035046948 0.818616022617999
188 2068 0 0 0 -0.11491066165327575 -0.10831566686888726 -0.3440735795826992 -0.23683388465280483 -0.3434456666070241 -0.2334368463105401 -0.34240565343594226 -0.3821340826219017 -0.2677320191507121 0.7539508621536484 0.8206201227315796
2010 22110 0 0 0 0.015941165299444216 -0.2811528108564061 -0.1942361018429641 -10.937583792667057 0.26600771258089917 0.3426118298004355 7.265807028151228 10.084429659847432 5.059464035075337 -18.57309471358641 13.539928479066504
189 2079 0 0 0 -0.11501573159704664 -0.10825956096830337 -0.3471451569154171 -0.23224547568495682 -0.34709914940539266 -0.2299239205577566 -0.3463707557577842 -0.37834710833553004 -0.2699581257603645 0.7514771246882642 0.8204089158572141
190 2090 0 0 0 -0.11489779549853771 -0.10828095184323709 -0.34013783085633365 -0.22989894563758043 -0.34288418088537304 -0.22870946450298602 -0.3417201339522161 -0.3767883050063296 -0.27196167361286483 0.7556981585147639 0.8215028073640627
191 2101 0 0 0 -0.11480127183100942 -0.10821626112385156 -0.3371319720227799 -0.2307940992501699 -0.3410128599859093 -0.23036719140647471 -0.33797958102491577 -0.3782669743238965 -0.2701075789629684 0.7564042261455133 0.8208865823027328
192 2112 0 0 0 -0.11485589345125959 -0.10829378706957 -0.33553633925949256 -0.2314752771121631 -0.3404933247950383 -0.22838545864259271 -0.33755111521012393 -0.37669458057014227 -0.2749248970348134 0.7571129365487028 0.8232034806125754
193 2123 0 0 0 -0.11474275287201413 -0.10820279125748539 -0.33599802383654137 -0.22491254200399605 -0.3416341863606848 -0.22332506432808427 -0.3413581254178629 -0.3714018544620725 -0.27704989283702003 0.7600238814142762 0.8209849382818786
2011 22121 0 0 0 0.0159027771965089 -0.28130108637192447 -0.18981006271303813 -10.944375869588809 0.26033300011133653 0.3500818827163936 7.268171831628772 10.065988886023751 5.070792563862831 -18.574074025484105 13.46024415596754
194 2134 0 0 0 -0.11468820361184054 -0.10822836051828867 -0.3350643251689012 -0.2232017392455146 -0.3438757588484265 -0.2223419307208364 -0.3429837995435948 -0.37267303248222966 -0.2747053253362687 0.757785085549595 0.8196532548482794
195 2145 0 0 0 -0.11474372535817698 -0.10824484179214261 -0.3354887312704119 -0.22627021781253856 -0.3419072788179012 -0.22663874867987038 -0.34139368597543185 -0.3750327161200401 -0.26906237962262775 0.7580257425820293 0.8182408757365273
2012 22132 0 0 0 0.01604385782235218 -0.2814185886458062 -0.18630925732179102 -10.930387805413531 0.2752292001320806 0.3370289092996359 7.271299301670284 10.0077938051279 5.0648213060252605 -18.57961034211536 13.53819523261901
196 2156 0 0 0 -0.11479707538849053 -0.10818436653881568 -0.33365014991100983 -0.22903522414549599 -0.34047008992407396 -0.22938148227932026 -0.3375045996535021 -0.37685801767445665 -0.2685352334380047 0.759087059566661 0.8199940775905986
197 2167 0 0 0 -0.11470997154541963 -0.10825156307757765 -0.3329184415954574 -0.2311700053216619 -0.3399348087182535 -0.23093797921938058 -0.3373478440934739 -0.37818562938329703 -0.26638068855675007 0.7607202241452801 0.8179397262841834
198 2178 0 0 0 -0.11463078317043547 -0.10819917253206499 -0.3347279015356456 -0.22971879206895343 -0.34174712414718006 -0.23038638683912077 -0.340123718824657 -0.3785914870683702 -0.2700650373016338 0.7626334430891414 0.8174075835324348
2013 22143 0 0 0 0.015970119488780552 -0.28138210834213273 -0.19046438632711385 -10.934246964350228 0.2675749480296855 0.34336799521093675 7.272264759433444 10.023753050019948 5.065747917212898 -18.57689992050977 13.502556376166696
199 2189 0 0 0 -0.11462108688988933 -0.10819351860332055 -0.335921868009548 -0.23128938863085813 -0.3431487042959355 -0.23136147296747747 -0.341322343721301 -0.37906496983324267 -0.2676003653539016 0.7621594182253133 0.817235697277151
200 2200 0 0 0 -0.1146675829934089 -0.10821419286070717 -0.3369850066142633 -0.23090099888114288 -0.34504588645269973 -0.22973776748486743 -0.34420069481723986 -0.37976784538018715 -0.268361776421765 0.762343407325605 0.8185563148739506
2014 22154 0 0 0 0.01596420563274134 -0.281308657459806 -0.18327069766945225 -10.942055417789716 0.2589849880740853 0.35250231703312057 7.26977343354673 10.05428650890288 5.06918582129195 -18.574497696669827 13.469328054937604
201 2211 0 0 0 -0.11467408890068728 -0.10822769967718437 -0.3385370711780639 -0.231551290641382 -0.34641159399622246 -0.23180859205252072 -0.34553106581289766 -0.3806342704297499 -0.2659249017960244 0.7615672063500745 0.818397763803854
202 2222 0 0 0 -0.11477105636584095 -0.10826148367620646 -0.3373724179287905 -0.23341129256710436 -0.34299984750243706 -0.23298890359079552 -0.34221116990317274 -0.382137870444833 -0.266297082542495 0.7619121497438762 0.818881831656415
203 2233 0 0 0 -0.1146785450849559 -0.10825378244233959 -0.33398481864554014 -0.2317748978732226 -0.34140412231996364 -0.23185766570984043 -0.3394923440953693 -0.37926969030640245 -0.2690954655785684 0.7653133677328812 0.8182613169129193
2015 22165 0 0 0 0.015795715268888504 -0.28134154700721575 -0.18455879726436333 -10.942007160037445 0.24379348212804447 0.3492171448504576 7.269859634771656 10.053428652030894 5.071444835833508 -18.572325422284504 13.410851681065015
204 2244 0 0 0 -0.11465887037228073 -0.10823367350717847 -0.3345880486363822 -0.23241079474278117 -0.34058976464422186 -0.2325409437166389 -0.33929631567619567 -0.3794688923068411 -0.27028919319618105 0.7657435741408255 0.8178979118264219
205 2255 0 0 0 -0.11457585826197898 -0.10827694533190164 -0.33449792264462586 -0.22884900194438018 -0.3427996850157871 -0.22961288462044502 -0.34115710728937726 -0.37711078605445275 -0.27431662703788556 0.7676340778107849 0.8166424738552538
2016 22176 0 0 0 0.015685797126328054 -0.28128958380562796 -0.18980038439019783 -10.949266438299988 0.23923005328374278 0.3545354212389355 7.2700290649591395 10.079606896860376 5.072447655288879 -18.569011989961577 13.377530246148291
206 2266 0 0 0 -0.114512983177192 -0.10827830582743354 -0.3338938030127461 -0.22899782036192015 -0.3446508369196933 -0.22952970929226618 -0.34345909444605094 -0.3764647203670073 -0.2764650075122691 0.7687400919883557 0.817634051376583
207 2277 0 0 0 -0.11446420377187955 -0.10827213837923631 -0.3344026697619243 -0.22805920383738693 -0.344203794645455 -0.2296140199982927 -0.3433760415085546 -0.375659927473492 -0.2767820961325662 0.7714309776145044 0.8185305337080869
208 2288 0 0 0 -0.11452900023788401 -0.10825810020911893 -0.3360834242305304 -0.22955369893306365 -0.34301095430977613 -0.22965241516695684 -0.3413525288160548 -0.3757312224724731 -0.2764376274115896 0.7698675997109178 0.8201809822962004
2017 22187 0 0 0 0.015736524587960782 -0.2813014950382416 -0.19407237053663323 -10.954541439691576 0.2683205829764936 0.3583580504339484 7.268575956709942 10.065621514460494 5.069287256932739 -18.570337027117464 13.422803243701898
209 2299 0 0 0 -0.11456887927646803 -0.10824561561529615 -0.3374917541698087 -0.22891153202569176 -0.3441857320992275 -0.22860965218295273 -0.3425777590253543 -0.3763329240276786 -0.2784247020377171 0.7678886025072621 0.8185771241211933
210 2310 0 0 0 -0.11456061127661077 -0.10822476326960044 -0.3379031062734348 -0.22797960444882973 -0.3431761816529527 -0.22728910114367218 -0.3421605258422831 -0.3768055095946155 -0.27771793088953745 0.7678191144419836 0.8184861991784094
211 2321 0 0 0 -0.11455245865015219 -0.10826856188169806 -0.33493627996057507 -0.22966795928102757 -0.34255322369040797 -0.2285112579297887 -0.34133384740096623 -0.37726601223810835 -0.27765142953077193 0.7676129387409313 0.8176906718964356
2018 22198 0 0 0 0.015889018164316725 -0.2813591779750497 -0.18341039007971782 -10.93965250337126 0.2771678073310637 0.3441244861594628 7.271886138152902 10.030037233091807 5.0638798244529175 -18.57767716877084 13.509907214045512
212 2332 0 0 0 -0.11456975649638365 -0.10822184255108865 -0.33384296474996294 -0.23016794798897014 -0.3419914771363894 -0.22941236281625996 -0.3411900704335581 -0.375758612539847 -0.27629923161908565 0.7679833589071715 0.8176888044651669
213 2343 0 0 0 -0.11454416430061372 -0.10823075377784398 -0.3329088311918884 -0.23056393507873416 -0.34110856154311653 -0.23027044369939786 -0.341243651933586 -0.37509313459132976 -0.27759093301270354 0.7684009288128127 0.8178193801019508
2019 22209 0 0 0 0.016031217451354475 -0.28131351498250845 -0.17764861816666055 -10.939748037914686 0.2998461322703216 0.3458227111586043 7.273998637853473 10.02505938011648 5.056848040216533 -18.58082575717776 13.5846695858968
214 2354 0 0 0 -0.11451127077345608 -0.10825268854041792 -0.33200327783591893 -0.2307641747822725 -0.34167069955668555 -0.23051524426591108 -0.34254670707982576 -0.3746755866213318 -0.27883151889665714 0.7702999648073057 0.816393175392396
215 2365 0 0 0 -0.11447610047552816 -0.10825040588577439 -0.33269907131337234 -0.22962481476500712 -0.3426616700527019 -0.23008668318417966 -0.3427374117420339 -0.37348488774001987 -0.278993195600637 0.7717825973547097 0.8169886698578805
216 2376 0 0 0 -0.11447992130710695 -0.108243026458336 -0.33350117193043616 -0.23064591746263047 -0.34277102643373425 -0.2305608010731609 -0.34260990770218563 -0.3716795546769718 -0.2802120015641875 0.7708725823493726 0.8188794863094733
2020 22220 0 0 0 0.016023386414338436 -0.2813031068907905 -0.17913984793994672 -10.93905456777723 0.29555378146039435 0.34513494477525253 7.2723819699674985 10.030537276919615 5.059345395072629 -18.580557161720325 13.580358788937202
217 2387 0 0 0 -0.11445600709531295 -0.10823500322626173 -0.33239439745827243 -0.22996055445558633 -0.3420875654424088 -0.2295772527226722 -0.3416852811534863 -0.3705675699506589 -0.2831493403113589 0.7713463744058747 0.8176112948140953
218 2398 0 0 0 -0.11444272951387818 -0.10823492922128829 -0.333431010511477 -0.22871504800580358 -0.34142159677134215 -0.22821520938759268 -0.3411183276167925 -0.36992913466802635 -0.2829977331105636 0.7721631987740196 0.8179192246505081
219 2409 0 0 0 -0.11441689070928027 -0.1082621265587394 -0.33266470025652556 -0.22793249068890337 -0.3413661652586031 -0.2276667971415552 -0.34062605934560763 -0.3706387255767951 -0.28411926490043266 0.7739940826220028 0.816652609942599
220 2420 0 0 0 -0.11445948670877361 -0.10825899833926604 -0.33441742820522974 -0.22912098883408522 -0.3418593243767845 -0.2284042179035419 -0.3409571979946834 -0.37108613891652076 -0.28348430343941194 0.7734102077277624 0.8166614657537216
2021 22231 0 0 0 0.015966640914176572 -0.28141390528445737 -0.1751866299213686 -10.938707074153832 0.28207327299943963 0.3446568154155963 7.275286461159581 10.012933345456624 5.064398961962775 -18.58113641545995 13.519776005445552
221 2431 0 0 0 -0.1144646319042634 -0.10825954621601562 -0.3331672718348429 -0.2297690652975097 -0.342499744237841 -0.2285420021013244 -0.3413956315956756 -0.3701641372091642 -0.2837425086363796 0.772955823892352 0.8156590233208074
222 2442 0 0 0 -0.11445284638217386 -0.10826414771519297 -0.333313446640766 -0.22938545193488086 -0.3415739199497608 -0.22863635160228332 -0.34043102056144636 -0.3712714315011409 -0.28337829552390587 0.7737841226186424 0.8164025590477952
2022 22242 0 0 0 0.015952977060615225 -0.2814353557586281 -0.17355636203589458 -10.934619480696549 0.27456395466855116 0.3395355090344044 7.2737369787997945 10.006562693541124 5.064145256349368 -18.581577340839857 13.51378062507321
223 2453 0 0 0 -0.11446531710915633 -0.10828417051391301 -0.3326027307707466 -0.229795247528881 -0.34226690627864026 -0.2290361608777051 -0.3405629704270672 -0.37092051262773545 -0.28493768743221065 0.774076003004083 0.8158041511426319
224 2464 0 0 0 -0.11442011356933428 -0.1083068916429348 -0.33302722031082993 -0.22941621349212485 -0.3421892417828113 -0.22899115678956566 -0.3411854756375957 -0.3699725794072249 -0.2873376044704054 0.7752406571943962 0.8149073951738571
225 2475 0 0 0 -0.11444185026547983 -0.10829391069661466 -0.33306425440242127 -0.22834333191062298 -0.34292214134522236 -0.22773378782201195 -0.3420867566248532 -0.36978587264918983 -0.2879626563898887 0.7746720070135047 0.8142371621990593
2023 22253 0 0 0 0.01599950068723848 -0.2814188847811526 -0.16974323719229284 -10.931165338402346 0.2850160289080322 0.3387678983345001 7.2755095043230815 9.995509425601544 5.060610219432277 -18.58397250859396 13.55852636247638
226 2486 0 0 0 -0.11444311454554906 -0.10829475698100076 -0.33269314361357494 -0.2286647980760755 -0.34247149679351857 -0.2282906634107697 -0.34196381277361176 -0.36957074116938055 -0.2882683727245162 0.7743560944281992 0.8139212160214189
227 2497 0 0 0 -0.11444160883298048 -0.10828710400458924 -0.33280765248131283 -0.22861915127870105 -0.3438763769488393 -0.2280712334259967 -0.34335062651044324 -0.3690109226210662 -0.28844979411339006 0.7741860527539 0.8129393994200209
2024 22264 0 0 0 0.016068187507319677 -0.28142283802589285 -0.17513146698318477 -10.919464927164604 0.29404802523732754 0.32766706573156124 7.276615521526765 9.970285282853295 5.0510423518674585 -18.586219577915145 13.626973316695693
228 2508 0 0 0 -0.11441037687179288 -0.10829402962153606 -0.3331242197888057 -0.22761439179839044 -0.34269121094311816 -0.2271984702967274 -0.3426221862070368 -0.3690756164631795 -0.2890444252009212 0.7761597600687845 0.8133001805670199
229 2519 0 0 0 -0.11443026750006717 -0.1082917761907439 -0.3324511557276948 -0.22782745814492336 -0.34278864953044885 -0.22756105187103354 -0.34245603837630306 -0.3687853732448642 -0.28836234794033944 0.7759676520247493 0.8128870137015506
230 2530 0 0 0 -0.11440918064944713 -0.10829406453821172 -0.3318854841282675 -0.2281374128511612 -0.34196246619035237 -0.22779587534832468 -0.34188114252377405 -0.36979872699922295 -0.2867551541563131 0.776777966975573 0.8126557555100514
2025 22275 0 0 0 0.016073729306073745 -0.28149014674945294 -0.17212148984161668 -10.9248750522676 0.2888162448200598 0.3317809685591566 7.27342009532128 9.96426220419796 5.057394813062825 -18.586827240642958 13.573150377650352
231 2541 0 0 0 -0.11439480722554295 -0.10829672012639525 -0.33189287494443387 -0.22825895978903551 -0.34196283491105656 -0.22761223355622764 -0.341195864074263 -0.3689212440215023 -0.28801818157546827 0.7770759557833589 0.8126713794025107
232 2552 0 0 0 -0.11443002923538857 -0.10829447498203197 -0.33228072810583237 -0.2287163250764347 -0.34257406107996097 -0.2282507692829627 -0.3417317107931982 -0.36872830780445914 -0.2872895153294588 0.7759945868829713 0.8123181450211892
233 2563 0 0 0 -0.1144029940294438 -0.10830686638507149 -0.33275348797342524 -0.22852455348499426 -0.3424483814669606 -0.22852217440064757 -0.3414803464174779 -0.36935012892209557 -0.28635488611902576 0.7777263321404136 0.8123078082450546
2026 22286 0 0 0 0.015993438675977356 -0.2814872144817679 -0.16614162712506997 -10.92895473729127 0.27961033578056554 0.33437878382673514 7.274138557613927 9.978268827822932 5.061233864663987 -18.585940934332807 13.534861010443235
234 2574 0 0 0 -0.1143754499091989 -0.10828940688546036 -0.3322380776776336 -0.22768874529242056 -0.3427327119721764 -0.22751515121195942 -0.34233083260101194 -0.36870156692856987 -0.2862551502787599 0.77815878192524 0.8124394774387069
235 2585 0 0 0 -0.11437308928642695 -0.10829791244664111 -0.33189714519626146 -0.22729400224727683 -0.34345308496567817 -0.22716640927767257 -0.3431837098003205 -0.36904096989711377 -0.2863183018223788 0.7782615627777311 0.8124394674114837
2027 22297 0 0 0 0.016054131421017286 -0.28139567470388016 -0.16139266657217577 -10.928199796910945 0.2805938922824732 0.3345703733171952 7.27283882213077 9.992989765602331 5.056528916553509 -18.585407763746343 13.570935208918531
