% # columns="iter, evals, sigma, 0, fitness, xbest" seed=549705, Fri Aug 14 18:31:08 2020, <python>{}</python>
1 11 0.08870505947735591 0 2.323892829991417 0.0049980084986418725 0.007395941308874444 0.3645092457328857 -0.08984357907347884 -0.48494079411764857 0.17095283565383243 -0.3848753581186532 -0.22317330586335146 0.002765229645572585 1.0000277312681674 1.003779991547138
2 22 0.0798686833043736 0 0.793595363723422 0.021720065517820745 0.006678071161904319 0.20573608126230644 -0.20095571169974932 -0.39643720493226947 0.056301568606096336 -0.3802136967656997 -0.1812580100713918 -0.06827239669629342 1.0000537491520325 1.0012567841597095
3 33 0.07823129593406665 0 0.5116695490822809 0.017210297249066232 0.01105681899439791 0.1394018466480612 0.0033928849868882227 -0.3828342659645198 0.12920202480489487 -0.43959633673448956 -0.21738512855231165 0.11454790961861895 1.0000165303432447 1.0020668732934859
1941 21351 0.5227864819649336 0 160297.50993282424 0.021024942713747705 0.18183332410717795 -0.25513038861579274 0.41015326526771645 0.11814465822695637 0.4088308266506435 3.3439850972224225 0.4455515147097664 4.980825673749735 1.0514781920809335 8.493426516420806
4 44 0.07964865066073039 0 1.2000493834327983 0.0183131411511878 7.095015162008902e-06 0.11571095754159111 0.010136612110155235 -0.3605052951320607 0.08555239011206492 -0.38088244298204044 -0.17982558431624393 -0.044173977802903594 1.0712883208347794 1.0004460377488051
5 55 0.07980206445554845 0 0.8461600364379128 0.005584786094682451 0.016980023097446655 0.0721430386403664 -0.024515708800668737 -0.4141004721362474 0.03734768391145655 -0.3273542496305084 -0.2329067643410921 -0.03933821653272842 1.0823320699292989 1.0020967072710674
6 66 0.09155196196476428 0 1.1674870102988635 0.00575295211223521 0.01866274840059143 0.020271899160240844 0.18699656483126892 -0.28862059015763886 -0.18839680948099352 -0.4474661462371083 -0.22145395823816977 -0.03254290090483217 1.132224216381703 1.0146184569005774
1942 21362 0.5540088910453488 0 160297.43545981304 0.020994903476863266 0.1817667098275726 -0.25554508751764143 0.40568426113738454 0.10333475233699344 0.404025789872463 3.3437807222095492 0.4271899395501144 4.980210149466438 1.0497951977999078 8.498762700502628
7 77 0.1069378607685754 0 0.6134423311342945 0.015464065517986299 0.011436483052384672 0.00015534925917640857 0.007831144358110144 -0.2857602560980801 -0.13736661491036928 -0.46696525491894975 -0.38077481993981477 -0.12899060754307945 1.192610972287042 1.1384188408927467
8 88 0.1113887692503666 0 1.1568465892849644 0.01645738992151237 0.027843538559251438 -0.06171831520866444 -0.02422077629033459 -0.24250600211810425 -0.15200437222756275 -0.5519065015981275 -0.1349034969728293 0.05669871988911887 1.0788102700921711 1.002416993856794
1943 21373 0.5666693482918085 0 160295.29587222615 0.020996150460568692 0.18177263887403616 -0.2547857563028078 0.40601882882513607 0.10734998846735798 0.40435889727672814 3.3432279721199314 0.4327059415971668 4.979929954159355 1.0500292905516622 8.492591533214213
9 99 0.1146261725937003 0 0.4823547429472674 0.016707382125214724 0.012075863959790798 -0.08115242989571383 -0.06436625828325128 -0.17043758258255365 -0.23609647300025283 -0.42090437777947776 -0.22806995033170843 0.02519936254300443 1.1637187123660127 1.0000001511717949
10 110 0.11482218993885891 0 0.922968485437475 0.025099015111993157 0.0053270808487528645 -0.0812893848178177 0.03787755260368404 -0.24396435661187027 -0.31821838053152984 -0.2551067735807686 -0.10237438354348644 0.1044170395314424 1.406610144315032 1.0025805763873146
11 121 0.1071414123654406 0 0.824093455730091 0.010403781905327491 0.010674891610705528 -0.102672895929662 -0.06405814417101661 -0.14343390706706582 -0.13615911573542727 -0.36638744756250635 -0.03129117881447488 0.01981233994855474 1.2529520880287552 1.012575780934474
1944 21384 0.5673238211449738 0 159882.9100630631 0.021036737155351218 0.18172571874976834 -0.2554281060788542 0.4058530855382436 0.1329413405325645 0.4035728875688187 3.3432590604911234 0.43724493095810324 4.978114340589871 1.0520045709473982 8.410406408979897
12 132 0.1065137963509021 0 0.7453482518214599 0.020672967257252768 0.005023366930633736 0.010809590793248981 -0.163074875370289 -0.1547622510248076 -0.27778247355784524 -0.2515392647405791 -0.13488356125336406 -0.03520483435356886 1.3895876210870008 1.014362034619416
13 143 0.10109878698590757 0 0.8144894508526195 0.012548446989305911 0.014070462377740059 0.07257377120843127 0.06286964001462172 -0.2624930932357727 -0.1450482744166418 -0.4143626555217843 0.10640924192411427 0.04015615568502417 1.3665701325441943 1.0020618385987172
1945 21395 0.5724966789653155 0 159882.83555337897 0.02102201784661746 0.1818069012770327 -0.25475549625756283 0.40441494775174824 0.11378268415060473 0.4025895497827589 3.343071425572117 0.4467903852751576 4.979677822022948 1.0508872356942534 8.475932535216888
14 154 0.0964802752686767 0 0.6341100594961243 0.023705437735658207 0.012080577952931392 0.2813492387184532 0.1272566197674423 -0.3059011554840068 -0.061439986862259585 -0.5022165776437818 0.026252869343897742 0.05974229425670206 1.214392783035056 1.0016551959085969
15 165 0.09937809857959665 0 1.5642015264799545 0.019235713166447375 0.031117364470488074 0.08032885953337263 -0.07416082180022524 -0.22985862616948205 0.016387216127722468 -0.48971337063306536 0.005760249643458032 0.06783541656687883 1.3647326545263114 1.0649773537848772
16 176 0.08855458799600459 0 1.6870850917827993 0.008789064389877423 0.003394262878902018 0.14495880103393494 0.04514983600449368 -0.3761707810037119 -0.013719770269166032 -0.41686975695162365 -0.07509470179618338 0.07208199246577554 1.3065565864245823 1.0000013343564271
1946 21406 0.5900107100625663 0 160627.07853617918 0.021059203531640876 0.18181311124607746 -0.2565261729377805 0.40628473694673595 0.1263783580859551 0.4050492764209787 3.343556944061373 0.453125781354915 4.979370608234349 1.0514222406750633 8.45085946992673
17 187 0.0877623377839677 0 0.38050327269120826 0.018053256236377806 0.011615486318089287 0.048649101320143634 -0.023570406479731198 -0.368557711126734 -0.10553573639483844 -0.3953401126528858 -0.22779751008994065 0.01051104940223288 1.2708564805624627 1.0787000464807255
18 198 0.08851713369724472 0 1.0693820998088919 0.01665577712824635 0.0037003228376322676 0.05006317150413859 0.03015685802854335 -0.2504664967980094 -0.10776303568274406 -0.39308625146302284 -0.0735078027072809 -0.06520860584513269 1.2893240780806028 1.054239293190808
1947 21417 0.5958362928921164 0 160332.3370766556 0.021036335710273166 0.181749940667357 -0.25685991753232185 0.40482801713312 0.11675196034381649 0.40400030840004564 3.3436604640333187 0.43520375287372737 4.97917393418916 1.0504630096247793 8.454530730286342
19 209 0.09029770657867141 0 0.4878022547965958 0.029459503868769693 0.020167884665542927 0.08751086614108536 -0.045742242266603256 -0.29048511129988835 -0.16533404066539653 -0.2353891920571484 -0.16231304342824707 0.030343533954903128 1.174150890067274 1.1356848057362166
20 220 0.09078019023935276 0 0.2776761793270826 0.027632644257199156 0.018187235779002785 0.17207729961478357 -0.14425370222734454 -0.3043995100550753 -0.023363236071358845 -0.27905258042308323 -0.249120468193757 -0.13979273757413047 1.0829386971017283 1.0858810431179151
1948 21428 0.6088527980117723 0 159895.56190025914 0.021057646894538658 0.18172632084407037 -0.25493669143661596 0.4039617385395413 0.12511466848625244 0.4030952371437192 3.3431958752493975 0.43692971739107556 4.978321289063336 1.0513202253993972 8.421878288979727
21 231 0.09462847742681116 0 0.07795276163556063 0.02234166799783893 0.017433156342167612 0.12453475893128492 -0.1138291633602041 -0.2925336797002677 -0.08450580336483306 -0.24213493132342379 -0.33644635247778293 -0.1685070894980714 1.0871136802346333 1.1164888005259017
22 242 0.09675413342287181 0 0.23703510904923755 0.020963780514582305 0.02156739129282569 0.16345333751124116 -0.11643054606833128 -0.2062629701557982 -0.11668591349752494 -0.20836659090048498 -0.2544411416607711 -0.2611691913214112 1.4137264179858284 1.1853196109494326
23 253 0.09594755986139172 0 0.22830421050179484 0.019368176173627065 0.016430408339225225 0.13114780548765023 -0.09558822003498627 -0.22897244056424254 -0.1077763112723637 -0.0975071918435437 -0.3829503615268556 -0.22229546856319793 1.319217669459922 1.16902421089584
1949 21439 0.6059190284325503 0 159895.6157719427 0.02107333607474854 0.1818419217540661 -0.2535240181875068 0.4049304553759381 0.1278077367175484 0.40415424156471347 3.3427772131902658 0.46365874692246045 4.979598240941055 1.0521608461391583 8.449378856459099
24 264 0.09272073907440649 0 0.813203274771279 0.005600758075557531 0.01658781106841278 0.05699517583299772 -0.08552671398839809 -0.26343972165730645 -0.1473258995667017 -0.19758727468114662 -0.010133642548165178 -0.1267428464537611 1.0961485910344122 1.2547359715870485
25 275 0.09912618480758481 0 0.46042519071066895 0.021569083785322518 0.009706496652648708 0.06242629157492044 -0.285170966844601 -0.19178347257560963 -0.22810429447018982 -0.002287041695072267 -0.2538289303359268 -0.19459560804330905 1.0778352618393912 1.1691203100034648
1950 21450 0.6687160336849007 0 160381.17673941207 0.021070652182238858 0.18180519252424654 -0.2545550827211105 0.40052089956818904 0.1318945982999457 0.3994697754244773 3.3419542318387996 0.4660843388716458 4.978099999865877 1.0529633401111473 8.411603041097832
26 286 0.09689555909972364 0 0.427331077999323 0.01724740066324701 0.019853225447739813 0.02780090132658702 -0.19751532175865255 -0.3359826721874939 -0.2512235500598151 -0.0430291174235983 -0.2544522740202262 -0.12917759716790733 1.2131037988717366 1.0029567299706286
27 297 0.09327811665182786 0 0.5593172463476328 0.024909317577510134 0.007228127341897075 0.07517262976264505 -0.2858189303813853 -0.2873904957248111 -0.09462629120452881 -0.1753116536301754 -0.2452007182644723 -0.14526319587112801 1.0101464728615783 1.007262547173411
28 308 0.09395406925931525 0 0.07350185860458565 0.018097425481901023 0.014945637705801512 0.035979367377520666 -0.19210329727144737 -0.057843998077641706 -0.10508080071759252 -0.10939532045501181 -0.26882833230319025 -0.15653492254478815 1.0239169619081194 1.0231557502673048
29 319 0.09424744260385345 0 0.4317635076611071 0.008986806217019375 0.02009411507946228 0.02619987220224978 -0.16779422066871774 -0.19904888107385027 -0.19634101869266907 -0.11755783738146856 -0.15164768016402605 0.022360343903328347 1.0190368576037514 1.1667071337696495
1951 21461 0.7283232377762178 0 159598.47648446646 0.02108419152540042 0.1818460238365402 -0.25618805655195553 0.4005749820179325 0.12975369125229858 0.4004834705922393 3.3413246352821893 0.4717780868385333 4.9785890264112505 1.0525887875168374 8.426015168709354
30 330 0.09855857238593513 0 0.8821606248358106 0.03158984084338948 0.015428323846620483 0.17984282136940444 -0.1193568590788714 -0.2383271890082929 -0.0048901444328174615 -0.07907558763264774 -0.10224168043992979 0.04244969513856455 1.0587037897852924 1.0936004118609124
31 341 0.09447255777449318 0 0.6635855170420709 0.007934672000170229 0.014196494772094953 0.10668153372107998 -0.12124656001774235 0.03578734276801246 0.008755696983973008 -0.2588057458277672 -0.10439670381791309 0.05790925698651822 1.000199719744483 1.1031574470361458
1952 21472 0.7451641775590717 0 160117.02863243152 0.021086643399247245 0.18171850835221015 -0.2555331596557998 0.40045279149631696 0.14258117696416953 0.400012685359413 3.3416985233471057 0.4505784997984499 4.9766164063606615 1.0532734773277004 8.358889126282696
32 352 0.09237777407849292 0 0.8069435782436134 0.006216840826794013 0.014013752700146922 0.17502689148515854 -0.13682699172854992 -0.04496840061635425 -0.023005257066837974 -0.3099743335653858 -0.06532103081995753 -0.008007731750710179 1.005280098591494 1.1920168089635048
33 363 0.09956996707930142 0 1.2929632893802292 0.030805800263936506 0.02206402269528324 0.12479614065958278 -0.17450230447726836 -0.031223787825562697 0.002034199545889334 -0.130170166511036 0.06503436383393639 0.08240195755085743 1.054954002473039 1.098725401189248
34 374 0.09563375793241984 0 0.35915618769228064 0.019118495860842154 0.008741368760229514 0.030800029251172645 -0.3463638363811985 -0.16232004021833776 -0.16263424299724058 -0.12216566614776184 -0.16630974734183918 -0.027633273322195312 1.091200689746455 1.0081244325819942
1953 21483 0.7831517221428095 0 159164.75603366536 0.02111160326275427 0.18181575193829724 -0.2555124974754948 0.39787669443301965 0.14871054247681206 0.3958231107709436 3.34141864769278 0.4815255014359412 4.976840039768976 1.0546548762746137 8.353807198460816
35 385 0.09167782243517282 0 1.1870729345379663 0.001778114169791985 0.023517434241478147 0.03716723690420997 -0.19900646296370547 -0.057629161604747736 -0.2016674301104294 -0.25233714083629677 -0.17377890512597305 -0.0006389595440916412 1.0068033188563066 1.0773504750683551
36 396 0.09148043428738505 0 0.4452942077668962 0.01628335513092931 0.021151849098643045 0.01534628698992399 -0.29890318064894855 -0.030188143450626842 -0.033618540334000524 -0.27937982606029416 -0.09477940058093133 0.015253373813361455 1.0171618966266445 1.1441255989189796
1954 21494 0.8218748246287383 0 159164.69250451436 0.021136890481302573 0.18178362805346987 -0.25335074953282144 0.3975237842490138 0.1555127510915328 0.39683373977901704 3.340605127114412 0.48022447486000885 4.97603389161614 1.0552871490900881 8.327442010928136
37 407 0.09115566177659858 0 0.3901856193305966 0.013921145636132962 0.018356409752048875 -0.20049135470126678 -0.38999726878550695 -0.07647978965807675 -0.20921872602798555 -0.2576938210669879 0.027451038221185227 0.020985806676405164 1.056847105799774 1.0286747304237138
38 418 0.08888940389070012 0 0.7279230927048038 0.01358881638234341 0.010856078118509797 -0.10166136447182361 -0.33350291918357294 -0.08971255189247157 -0.04613633997601195 -0.2958849836472932 -0.0008580205496168322 0.016489010000884003 1.1212059893477202 1.1485803946074011
1955 21505 0.8614917988678895 0 159228.2993020825 0.021167154685520915 0.18174645321218907 -0.25251927110097877 0.3951528619308 0.16885327712089998 0.393959195775174 3.3396043747011137 0.4835809811323841 4.974539033232759 1.0562688116093064 8.270939423186562
39 429 0.08530230307532709 0 0.9544346579722462 0.008785702103330278 0.02161060848433113 -0.11732351502721713 -0.47165739825882536 -0.013339061758360728 -0.13860144293332388 -0.20327582046127374 -0.03501348705538406 0.1400079204226017 1.0100674312223072 1.0161126693784297
40 440 0.08414570462014369 0 1.2385529549161887 0.026646004684073066 0.005240907275382725 -0.17547678085475718 -0.3378238413124267 0.012845414931573651 0.010921780253306576 -0.325829770086331 -0.0673116879355417 0.04327357178853 1.1086717178925454 1.1022702362344317
41 451 0.08174024412206383 0 0.868473760722146 0.013251195291532401 0.00840183663022729 -0.21774841951000393 -0.31944055367001484 0.0662979712767243 0.0006618252425354687 -0.2370100947976945 0.00431078618896832 0.15521085681620556 1.0405867566216913 1.0143671395399898
1956 21516 0.9180426955906226 0 158685.52363649677 0.021156027825566304 0.18169021812163433 -0.25350106821294716 0.391834742124205 0.1642456437625346 0.39080484391801135 3.3401387494819272 0.47059833498474823 4.974121362817673 1.0566183560880251 8.255281189000213
42 462 0.07728849023844232 0 0.5098779739663383 0.018373506812832167 0.017701239331407822 -0.2107287786018093 -0.40721352891986845 -0.08929495364944864 -0.03760700139962411 -0.31502908516416245 -0.09446996979356515 0.07378188935605492 1.080547566742669 1.055808786766047
43 473 0.07270173119937032 0 0.7169913658469282 0.012733164668212425 0.005719199400619293 -0.26145688099103676 -0.25939409036670374 -0.03719259048041933 -0.07645436749230425 -0.17511042956523365 0.0026774886471365184 0.061407457393610636 1.026950188515768 1.003265927887327
1957 21527 0.9639997354865664 0 158622.81776593186 0.02116795373056173 0.18170344743950728 -0.2555103335402332 0.39028944098268425 0.16842443495104667 0.3902261500026778 3.3394884414688986 0.4819204236201333 4.972878076447745 1.0561084327203334 8.241689531976723
44 484 0.07672550824343995 0 0.6894997250964208 0.011037106734525067 0.011556936593950478 -0.3094601921768755 -0.29473154441125177 -0.1015796596652469 0.08611049748440727 -0.23750040500389713 0.06914481394960455 0.0029781002660654865 1.0078053467587238 1.0234977175110915
45 495 0.07803166517870284 0 0.46364080646010003 0.02080883569890523 0.022680682683383586 -0.2032524483179537 -0.2940416635188935 -0.10995841658409697 0.009264398539857329 -0.21990883310796844 0.07141129167846165 0.04165066775535579 1.0050410757679353 1.0558296254303885
46 506 0.07853957904508116 0 0.5242016259877604 0.02263199423436258 0.009043188087887528 -0.03551121610703378 -0.20586270553848263 -0.06360009802585863 0.03929725439646087 -0.2728152837192498 -0.137869901550497 -0.038148023871796846 1.0031065998401973 1.0170010500321975
1958 21538 1.0479582540406034 0 158206.84160824408 0.02120211794290523 0.18174730713228693 -0.252901330844784 0.3872263201083186 0.17744006410847407 0.3859490490758651 3.340821370210979 0.501954064235349 4.972487141861478 1.0584517489340437 8.213093375577495
47 517 0.08224666266184937 0 0.8552438535673947 0.016543813867717493 0.0018348049185870202 -0.2080018878212605 -0.21831105778109955 -0.1896881313959598 -0.16559972140549564 -0.12866008554586733 0.016008242761141843 -0.05103548989637346 1.0000893594206994 1.0093633914427833
48 528 0.08954184322305145 0 0.4115044399042582 0.015721133102027073 0.006926588712564964 -0.20375996858105883 -0.12354902586669037 -0.19940063143345083 -0.17092556400752504 -0.12008678342993995 -0.12750714170988353 -0.19659754357736914 1.0043435312974245 1.0017575215274304
1959 21549 1.0728024539913361 0 158206.8827963341 0.02117866701549865 0.18169867852976357 -0.25305762486733646 0.3877278635883119 0.17231726228869643 0.3867243708958143 3.3399444178963367 0.48365884549834526 4.972395724049352 1.0572366090940664 8.216971050360625
49 539 0.09557150057283818 0 0.7046889588991143 0.012550665959709485 0.006283135348320174 -0.17008194972788987 -0.1765732215521552 -0.06480456251459107 0.056681316502440154 -0.177050007146619 -0.1924329514803546 -0.24748081651528725 1.0324367013871718 1.006273093696688
50 550 0.09345387692402708 0 0.30681350861198 0.025953864557051568 0.016645808034366785 -0.07976910118586297 -0.12753104794374984 -0.20321723759454605 0.02617890380313745 -0.16055236076231771 0.032832299139967686 -0.14893699345454375 1.0000119765639093 1.0053172187515196
51 561 0.09159784970035761 0 0.571327896466822 0.029364042987965435 0.01565548409982815 -0.1460020191932496 -0.2996823943812469 -0.09204164870855062 0.007386429750785323 -0.17514572801650224 -0.2428124914380384 -0.3103973019355234 1.0355649023626408 1.027897970495917
1960 21560 1.2115777036354267 0 158548.8995979581 0.02128583564489012 0.18166708064712245 -0.24840574368492843 0.3796345450752465 0.21085993198963635 0.37808738783057383 3.337864005534444 0.5162481880616898 4.968293254999223 1.0618397260427899 8.068744636945688
52 572 0.09146787280368433 0 0.334577371928597 0.017979139319294256 0.010596856694248667 -0.06905701582048936 -0.13485531826780855 -0.11648319944710311 0.11099020050006703 -0.23919581442834967 -0.24236635204014542 -0.15298604990697529 1.017070094729425 1.0046925562279727
53 583 0.08967379033339548 0 0.6661097206590119 0.02012037875599036 0.005359722852977621 -0.07527674000849868 -0.06395678711720082 -0.03707098041601092 -0.022178489801293305 -0.23877416205062213 -0.3402855108882673 -0.2519862324089937 1.0009328121592584 1.0129929079243247
54 594 0.08686854076848474 0 0.3171429092598971 0.011784295581781208 0.017394687154583116 -0.18621792562117578 -0.26324508242778605 0.0069142177453618 -0.06469466941000601 -0.08226693981600637 -0.18244436701671546 -0.26167839913795726 1.022237760555065 1.0000005809889696
55 605 0.08388031801448331 0 0.4214144398957511 0.012132669952241224 0.010255478725646295 -0.031056546905410695 -0.2031815916141262 0.09345163082228655 -0.20039252918575884 -0.01797376862101388 -0.4091368759637777 -0.26107681836482316 1.0447217773596216 1.0239267018071336
1961 21571 1.3587874719168858 0 159465.1190674738 0.021268501442477265 0.1816806330000862 -0.2475294282243402 0.37655670817035336 0.19296286332378762 0.37386564281934337 3.3388282076629845 0.5101594892565267 4.969523696127582 1.0610793160627574 8.10334735461408
56 616 0.0768970116610997 0 0.14532032711503612 0.01777825096395785 0.018181444350932063 -0.13446493507696736 -0.22411925281708045 -0.011548181110877694 -0.0363433065284698 -0.12014390842871003 -0.3661667423108161 -0.19632709784169444 1.0289151337884181 1.010782280502997
57 627 0.07722321532086712 0 0.6110047021543206 0.029080284308920713 0.015081746043427328 -0.07957965506777857 -0.26471911817684257 0.09109466868930553 -0.056745495219908744 -0.05432568541606895 -0.24624051915961884 -0.27857168815500577 1.033335240153705 1.0443387076933324
1962 21582 1.3654864841853909 0 158353.93195831904 0.021183042471792465 0.18156995671796783 -0.25667918977075843 0.37721895576868825 0.1807941234325514 0.37657648515489384 3.337778619198898 0.4728090848031705 4.968746693421042 1.0583741450096764 8.116668772872837
58 638 0.07233037075801418 0 0.2996667765032557 0.019095918585883442 0.0140244155547955 -0.05467885757198456 -0.3707317600531972 0.10308576991525305 -0.1205298509986468 -0.11396071387989919 -0.246871658207577 -0.1326765178259413 1.0296179517748572 1.0226701222220576
59 649 0.06668073845203445 0 0.5332640276664149 0.011793362132863677 0.02148226466442687 -0.07398598912216245 -0.23404825653589056 -0.05569641451262061 0.040572582631852414 -0.15671422992671252 -0.32057278031792474 -0.15932170020733058 1.0565569091694915 1.0012613622488749
60 660 0.0644115279626823 0 0.3019332640350148 0.014082489811471996 0.01811168525420951 -0.07992750935281653 -0.20022494474254854 0.005936446885484344 0.015184646307664834 -0.14650252734554475 -0.2218385802093059 -0.04419169810964041 1.0362289441349095 1.0009542094008033
1963 21593 1.3606848907653313 0 158353.82713210478 0.021232753854115934 0.18164017724888026 -0.2526595203740652 0.37753914841581704 0.18208928020190307 0.3750266636221655 3.340049995888999 0.4950667550540704 4.969849760076792 1.059542996412844 8.129149436938516
61 671 0.05790683805016754 0 0.2629898278783576 0.025670579291305118 0.013067302024980099 -0.12377696016684614 -0.21668161266044506 -0.03463120520381706 -0.1086168688744439 -0.04777682674774057 -0.2816377580508762 -0.27321452923049494 1.0473896788306196 1.0044271563464628
62 682 0.05430450760726837 0 0.14017889052260912 0.02163299939752178 0.016564649141311515 -0.11532778118125153 -0.22658547403707863 -0.042509079633806145 -0.026931351659163938 -0.05817388633488863 -0.1820463708588077 -0.20789934580991518 1.0006270540154616 1.0039389102272849
1964 21604 1.336699482038084 0 158946.06504140433 0.021263053496867666 0.1816333480337518 -0.2526891209039837 0.37349536079332424 0.18502248235750188 0.37199011578312163 3.3377208769075755 0.49503534147478945 4.969045329582849 1.0597569155841002 8.098690853897594
63 693 0.052654523083806686 0 0.25343307821058264 0.02198859699335213 0.011385013633418147 -0.09241246476242776 -0.20119626116926778 0.004745594424898073 -0.04954984314889321 -0.12824868600332096 -0.15896401182638653 -0.1453611516555272 1.0010692405793258 1.009048942211573
64 704 0.051735675173370035 0 0.12454957792216727 0.018687275636148606 0.014838490741071112 -0.11009719650446247 -0.16978615114194143 0.004097300427429222 -0.029332318705466036 -0.11209087011262714 -0.12851451110051246 -0.11313831438191219 1.0060955360434185 1.0010232296474149
65 715 0.04694424357190518 0 0.3717416106540785 0.02266765344946135 0.008542857575862662 -0.12371549980346047 -0.20781890406789233 -0.013204820377765446 -0.05695734153402704 -0.08908607639337152 -0.2642076492459648 -0.19296312139668897 1.0105498233855812 1.0006901445661724
1965 21615 1.3110846058971004 0 158946.04989488274 0.0212653131139856 0.18162948646341237 -0.25340882216862787 0.3702000492024595 0.20176106181651282 0.36745618160881904 3.336725758194699 0.512057051199676 4.966968635361649 1.0619404262154166 8.041464016474862
66 726 0.04475605850055193 0 0.13401673911441805 0.01878444481908774 0.01681900260444898 -0.1170504535745897 -0.1877385375489175 0.04673977610883383 -0.06096215614416317 -0.10225613626431931 -0.15999179389471738 -0.1537316803457766 1.0405328792075057 1.0000102519162917
67 737 0.04307018013008233 0 0.18587235081468972 0.014745404415241246 0.01876633109425636 -0.07335105966009253 -0.22085401739568924 -0.015343006692977449 -0.04024431470332182 -0.09257715901965567 -0.3444123292209934 -0.19591661552180056 1.0013876237925736 1.0000039491767434
1966 21626 1.2177653292823456 0 158582.50346107734 0.021265429686074346 0.1817198832102298 -0.25245826255669135 0.3766525771282012 0.18744768290105168 0.37610667272298914 3.3382115443756795 0.5161480832492966 4.97024764947403 1.0595794510228322 8.129637664277416
68 748 0.04205761112536507 0 0.12954855163062373 0.01588140197446452 0.013150693053779717 -0.17834532368301625 -0.19539005132431636 0.0041342238385953045 -0.10416578155117333 -0.04249510903877844 -0.2431480741201084 -0.2309892018434056 1.0097680838593162 1.0158884340409962
69 759 0.04129704804841821 0 0.08961209449291042 0.016042876651042436 0.018276733036628814 -0.12801230872207708 -0.2759135812191333 -0.024559626104906536 -0.2021752311430723 -0.06395957334479445 -0.2992877482468066 -0.24364481170692578 1.0250861264391264 1.0216064712716069
70 770 0.03903904644219656 0 0.05593673778135774 0.01738992271458032 0.015904012051896795 -0.11738261492238414 -0.2751378260031734 -0.0118443776375631 -0.1829108107956539 0.013802379586736357 -0.3182493598923033 -0.2615320527171855 1.000100062018993 1.0136094004839817
1967 21637 1.2693448226090787 0 158425.59950500922 0.02135772775073117 0.18162824376996856 -0.24701825386857873 0.3636749960715182 0.22544847969250906 0.36264564244338976 3.3344428131055186 0.539927500604442 4.964352951871059 1.0650880824369247 7.94747571163459
71 781 0.040108472868002544 0 0.08645869579928568 0.023123481438673203 0.016109141864897907 -0.0985073741619183 -0.29231911055572257 0.04650779173911675 -0.21872610316147326 -0.00030852259607678373 -0.32868389491859984 -0.2398323943154202 1.0004572608618552 1.018547109099255
72 792 0.0391830779624015 0 0.0515380669369454 0.020180504694739507 0.016264546712965157 -0.14332042420005497 -0.1861307717307992 0.012332779334445683 -0.1304638246014708 -0.058425685560419285 -0.3015508157329328 -0.2212462331544546 1.0048268742671707 1.0115239577174826
1968 21648 1.322163511356599 0 158425.6285602263 0.021357248831027225 0.18169239432558687 -0.24726760439532508 0.3620755507332838 0.22007387647436777 0.36136745409581805 3.3332666011064034 0.5557006360848007 4.964772572044487 1.064703691472554 7.971631867637024
73 803 0.0391542635508645 0 0.10728600626362594 0.015849860701735486 0.01882759332755856 -0.12439623596591945 -0.14260326265442158 0.06687511688477601 -0.12294338179014141 -0.010297173271274072 -0.23616344607889062 -0.24353129806976156 1.0041119619749994 1.0088058837764748
74 814 0.03808420013634998 0 0.09338577114761419 0.015287297225455836 0.019276159820229313 -0.10305702943663037 -0.18009821186360178 0.043052798850871356 -0.17249871730942137 0.012536751966388829 -0.3950024062514353 -0.2019852552049209 1.0067180875147221 1.0386827171998574
75 825 0.0396284228240101 0 0.08425206978806286 0.016284544989241995 0.019439572653232987 -0.10466755298233368 -0.16889577147142537 0.05759208282886945 -0.19800623894588698 0.07442555353032834 -0.36465371290384485 -0.2915021526923862 1.0076446001723534 1.0550075709775686
1969 21659 1.4389569962732547 0 158728.41665836077 0.02138678957197165 0.18153932605575718 -0.24586438532983426 0.3573464151326764 0.22648696380603084 0.35737431939488146 3.332488121867859 0.5342646431060345 4.961574626660461 1.0641141851144973 7.8937820113385335
76 836 0.03768654931481306 0 0.04501339233909925 0.01970895122358874 0.015981302656368424 -0.1831096214292155 -0.18516794775107742 0.03779224331675719 -0.2031083067859205 0.008940953849355612 -0.31595183376827796 -0.30363662335624886 1.0002474586271901 1.0512774761423582
77 847 0.035449194809938064 0 0.07526320933911056 0.01593562211562406 0.015289282005260056 -0.11738764690176781 -0.14797078597687213 0.009902278600528579 -0.17754054422089902 0.02208820214717243 -0.35602885577678106 -0.25588680549781734 1.0004355755506669 1.0334288295331637
1970 21670 1.6312593143075726 0 158180.17979937763 0.02141938229628162 0.1816595417377786 -0.23945745464014417 0.3494421532704699 0.2276186532471305 0.3465252065199468 3.333533817776287 0.5727465043963846 4.962043801386131 1.0682370653647586 7.880839592834681
78 858 0.03267016234075855 0 0.035073218976356305 0.018387424222420692 0.01593063574826441 -0.15941321979661727 -0.17896988622525764 0.022411129589495482 -0.17742223590788955 0.0061760227504099995 -0.28521599251850105 -0.2708244756533402 1.0005777725722935 1.020455093696001
79 869 0.032020602243521365 0 0.07816171153173149 0.015389845841595855 0.016440528160279903 -0.11439708061181156 -0.2017710904698157 0.032117226690411935 -0.23971466494565735 -0.0034694773608936556 -0.29800038362402975 -0.26214010533139503 1.0020780191294973 1.0683877856286235
80 880 0.030904076843850808 0 0.052541436731548354 0.021272932483416447 0.016242161089593605 -0.12499081555095719 -0.21992934535495526 0.02850430604880708 -0.2717264534717683 -0.0006041826816634657 -0.3219788234686781 -0.27481732621037264 1.000062590142571 1.0334438272686872
81 891 0.0281519148853484 0 0.035277424889005336 0.018077727226052515 0.017980469264303398 -0.1403702713237813 -0.22114282505380006 0.028927799709957947 -0.22192994622614878 -0.002225923262888729 -0.31970693112096454 -0.295160802498113 1.0066871854207606 1.0502156789137898
1971 21681 1.8101259141523651 0 158573.28956020804 0.02150979868613581 0.18165887429686034 -0.2390127212837448 0.3441409559666475 0.25852818311077747 0.34173541133496543 3.329872757823735 0.6031202629460388 4.958135932030658 1.069454976686323 7.775143209208668
82 902 0.028022621170588624 0 0.0478058641074618 0.01749599052080377 0.016305375140722903 -0.084833124916357 -0.22427042777634074 -0.003037886934245483 -0.2346416722157698 -0.03943413851577512 -0.38067980638533466 -0.29031992463493006 1.0361687561988528 1.0301081652548942
83 913 0.02795776283709658 0 0.03924372450358427 0.021092141626770266 0.017480599895692693 -0.10096764146331218 -0.24661198899979161 0.011954117354536806 -0.22359668968211044 -0.028682671120692504 -0.35950370795854875 -0.2742546133069201 1.010300977975701 1.0328446436802854
84 924 0.026022513019943867 0 0.034465129125452784 0.020403980173104127 0.017019680654492563 -0.15878652685619055 -0.2271449920293629 0.016583924092521976 -0.2434995571965374 -0.030213959769203394 -0.3367725227735109 -0.299661741778587 1.0018378554074143 1.0528302531684255
1972 21692 1.8780482826976113 0 158573.26578434565 0.021398633486468838 0.18137450738024735 -0.2399622831046178 0.35602844892812513 0.24231082128522555 0.35607154898673915 3.3325280802212673 0.5081605654004058 4.958347091272767 1.0655351039996712 7.802340750020749
85 935 0.023798483526638436 0 0.04858893732774217 0.018163839412965187 0.018734115981173898 -0.13355574088679908 -0.23819414150500193 0.052005074909743675 -0.2508557933701997 0.022934662534631896 -0.37638915083271 -0.3058044678204171 1.0202317236930407 1.0303547120521959
86 946 0.022636208291763844 0 0.04957494423034656 0.016702411229245876 0.01754085264692579 -0.10469075807627155 -0.24065332399059794 0.010006589473284354 -0.2725190449995123 -0.004922996407273777 -0.3977456938027904 -0.3156155523151655 1.0041920664593231 1.0222525566324454
87 957 0.020388018137260117 0 0.030471686157951816 0.019841886113470476 0.016502122877559016 -0.14332626624061598 -0.2162064766113633 0.0019150485885778574 -0.23787458674283837 -0.030406084636787036 -0.331908581206428 -0.3023292076435189 1.0065312125450596 1.0311716601372267
1973 21703 1.9627420947178336 0 157131.2538689471 0.02135667934733971 0.18149749896357475 -0.24383172462593555 0.36575837586482507 0.22514842646620192 0.3662207642216828 3.334606857226276 0.5130408442337995 4.963197424815582 1.0627753429381213 7.924510790364023
88 968 0.019916225201280408 0 0.0311851121013282 0.019822044053644974 0.018074341116926226 -0.1568545970313777 -0.23418736198126036 0.00786610147630959 -0.2452245204055002 0.009900548865063656 -0.38299561914922636 -0.3125035673545079 1.002954346767749 1.0470425690251786
89 979 0.02151087458270608 0 0.031318614885201324 0.01909781135199165 0.017743313522609164 -0.13620958108122813 -0.24012536225736486 -0.03149260959982083 -0.2118887988478863 -0.01684212180144167 -0.37641674625035115 -0.32562186260762893 1.0166040138621502 1.0300984880347648
1974 21714 1.9151285526115418 0 157131.27812546003 0.021423564325503016 0.1815257673687769 -0.239689482124201 0.36006556350395513 0.24838184759431797 0.3616941507040241 3.331818482843189 0.539209522620375 4.961346355639006 1.068633003073136 7.842923584350434
90 990 0.021429025415293637 0 0.02785214481598407 0.019916096206163855 0.01761816131314669 -0.14749349593946293 -0.258794340475985 -0.015428108260249034 -0.2274808990713699 -0.03268016039024285 -0.37502234588410344 -0.31513841332781506 1.0128461933293202 1.0214263086456892
91 1001 0.021674236556414966 0 0.044187974701576635 0.018463813350181484 0.01790017461656653 -0.16432788423568478 -0.27979939209365834 -0.04401725425360579 -0.22422389075906493 -0.021036830120969827 -0.39233471271817666 -0.331993349088792 1.0335220659937976 1.0249587125585318
92 1012 0.020500613714043932 0 0.04082786201412869 0.020157203046613493 0.016025039597347076 -0.13214567120328868 -0.26109917169143887 -0.009105421721300678 -0.21151239009405476 -0.033350658320801495 -0.3962237169865349 -0.31320561089354165 1.0232528346767544 1.016681159990663
1975 21725 1.979681365647824 0 158625.26246678224 0.02152892426766778 0.18150726195057687 -0.2342085919932796 0.34542457340241306 0.27347195558525933 0.34510841243316764 3.330503477230479 0.5778576283693919 4.957198861633427 1.0726465300361243 7.706293791518624
93 1023 0.019240896031380062 0 0.02635105984100467 0.019562315275348536 0.016379535843889563 -0.12733462799002462 -0.2441633779650358 -0.0034730281125232203 -0.22763345441567628 -0.02950175112939863 -0.35109921522575566 -0.29121081925614606 1.0182503543770491 1.0163722073295283
94 1034 0.018485877126665367 0 0.029894171567346757 0.018550502413476087 0.01618786100727316 -0.14190552461828215 -0.2591761100999143 -0.039909956530451235 -0.23635266262567048 -0.03938760092648465 -0.357413981370693 -0.29763036267254456 1.030475175536761 1.0193421977226718
95 1045 0.018369851885640446 0 0.0280593827702498 0.018246179962175497 0.016729132637486537 -0.16883946697365673 -0.2503625667784234 -0.049787886402284154 -0.22349044800870396 -0.053833812223137996 -0.35291647894379 -0.2894967570412654 1.0278537191530375 1.0172653134777772
1976 21736 2.0873095450096626 0 159043.1470768889 0.021468109946938246 0.18156237250139529 -0.2403409619908957 0.34449801411617287 0.2701921680447735 0.34287289193342124 3.330281670194339 0.5847961749870922 4.95806551605386 1.0728750526999649 7.726359662945287
96 1056 0.01938289705265749 0 0.02820425815243674 0.02055736292987278 0.016725020114930635 -0.1414107067531613 -0.2774294072835974 -0.06270608079940415 -0.21344220945435036 -0.0768257573219068 -0.36789966243420374 -0.27535627029333626 1.040190668060647 1.011508350417555
97 1067 0.02072767904897604 0 0.026907490214484464 0.020805410466281572 0.0162844310396867 -0.16661351094511465 -0.26350142476964244 -0.03702771308837567 -0.2328726062579301 -0.07548861537414232 -0.34466997953738104 -0.2665195732915397 1.0396408137003688 1.0051869042788089
98 1078 0.02025621898297048 0 0.021831005875418582 0.02036942003314256 0.016487437199457437 -0.16782397867489587 -0.26002946319387427 -0.07119452322248843 -0.22117773489077755 -0.07140463269917097 -0.34307403320028873 -0.281603445979077 1.0363410570098723 1.0128542193668597
1977 21747 2.0708844145603336 0 156310.4757529522 0.021404514825328895 0.18149681625699965 -0.24560292889857113 0.3531837668934976 0.23243394725606695 0.3538751593996492 3.3339452887510608 0.530483817366715 4.961397506123373 1.0661037100025985 7.8432215527165425
99 1089 0.020050071707798704 0 0.020481294647406 0.019418631944338488 0.016309403104931293 -0.14676171518655054 -0.256915514241012 -0.059415431402196364 -0.23721774102462503 -0.07195760081574612 -0.3366087137323926 -0.2944028091603144 1.026825304379683 1.008683064863073
100 1100 0.01912120725953554 0 0.020901626659949338 0.019623384189862307 0.01625624896732328 -0.19965096057534043 -0.2500895187114337 -0.029794461987534816 -0.24733327727295956 -0.04326762944104898 -0.2954725945578546 -0.26879808185427684 1.0081960855336571 1.0063313024829872
101 1111 0.018753662291730207 0 0.023116104483746024 0.020371398811791057 0.017336910845855574 -0.1490993386787779 -0.27186399310214804 -0.05925277857894912 -0.23885385977291726 -0.052563767845380166 -0.33790760996860036 -0.3010293931977015 1.0270482054160193 1.0094009299660411
1978 21758 2.1070501951712206 0 156310.6340010939 0.02162409098786779 0.18147796331527238 -0.24178782122317155 0.3269572292794827 0.2905599869601072 0.3253502879213228 3.3277722231805273 0.6001526897294625 4.951947591424813 1.076037354080473 7.559413498125361
102 1122 0.01721035358907528 0 0.01999994581885723 0.019155335831713284 0.016439343232461007 -0.15723426130145043 -0.25032035241743317 -0.05091794715012024 -0.2623817735101316 -0.04609162801818871 -0.34120043326316424 -0.2826076148380196 1.0188807890100804 1.015931992731302
103 1133 0.01652703122710851 0 0.01958462655509105 0.019007637009319952 0.01663327496730435 -0.18611073598208216 -0.25680153091795654 -0.05925309997132083 -0.26650594654365767 -0.03991967075572064 -0.3540661365046257 -0.28458938557195823 1.0163884061808712 1.01366070407301
1979 21769 2.1188157694690957 0 159096.70040232936 0.02144014626977262 0.18141519954343738 -0.24594911925463295 0.35665402894293763 0.231732517230986 0.35672831008463657 3.3351039686659063 0.49939057147349963 4.96117165490535 1.0651698063625328 7.834209451537378
104 1144 0.01650726586026038 0 0.01775894082858651 0.02060805610101679 0.016721121807590035 -0.20206341748961507 -0.27747326184876037 -0.06998493550856774 -0.26215047164323435 -0.07146179654795254 -0.3443068750175719 -0.2795953556237011 1.0406285559497166 1.0072025653717593
105 1155 0.01608192004678366 0 0.01812233371834059 0.019116105891627214 0.016715989545025678 -0.19889854967232062 -0.27416331042106845 -0.06301062442734776 -0.28677768691925853 -0.04917968216245892 -0.3426967482614891 -0.28872690953595054 1.0151668578850277 1.0092548371400345
106 1166 0.01615109501439558 0 0.01765992483650152 0.019673491137693448 0.0171849370648027 -0.1995832978398126 -0.2848155455010001 -0.110019984893412 -0.25692932150624576 -0.0917920065341311 -0.31101719992273175 -0.2818940342052552 1.020273980047998 1.003449716335895
1980 21780 1.9968949214916063 0 159380.4851818928 0.021509931028394606 0.18137421217722954 -0.2387116463225984 0.3495903767281625 0.2626605766240397 0.3495514043817359 3.3331290780887657 0.5276985111698629 4.956880692638845 1.069151955994666 7.709447065780594
107 1177 0.016702063774040852 0 0.015723447888991906 0.02083004924659992 0.016731578147677496 -0.20570067218629912 -0.28759481653662705 -0.12038286969061357 -0.27464368346869095 -0.0937333939945167 -0.3440523222091158 -0.2750457789445303 1.0340872717618337 1.0026879101806407
108 1188 0.01726587699556095 0 0.014904021783382689 0.020275727914885494 0.016976356300869907 -0.2135765393563773 -0.2689118516115015 -0.08838667559769355 -0.2709183550802987 -0.09282542142983963 -0.35328447901952187 -0.24723493140719854 1.0198111396625094 1.009414792822298
109 1199 0.016541031858258358 0 0.014989400734048015 0.01971833833377408 0.016973596389192686 -0.20779895605044627 -0.2823816676255867 -0.09928380143164424 -0.27384511218297225 -0.08804277456076129 -0.3285489387935776 -0.2653606749174587 1.0210488451404283 1.00451913344432
110 1210 0.016030492341824885 0 0.016726276284033868 0.019638166064658194 0.016588803876461607 -0.17206215863027305 -0.2645691471519292 -0.08858608923802724 -0.26465611269905137 -0.07159016051754577 -0.3660452838186246 -0.2596763482973917 1.0359545835565664 1.0075740410483984
1981 21791 1.9181406453706586 0 158593.3187465668 0.021465724570173247 0.18138030211506928 -0.24796397292186298 0.3553304539779827 0.2527010565311017 0.3525557745997143 3.3340622625155283 0.5099417566450981 4.959040076021917 1.0650660704985497 7.760310073680698
111 1221 0.015237115126678214 0 0.014441080279337881 0.019800817952638845 0.016940000970283257 -0.21131811019413207 -0.27072350606055273 -0.08477618105195843 -0.28379718064857634 -0.08569439835212048 -0.3839647797563247 -0.2671942388179409 1.024892639402641 1.0118005738489924
112 1232 0.014976371794513173 0 0.014429241826417033 0.020157308724526687 0.01740780922240331 -0.21763195142211628 -0.27018801590344604 -0.10429267514345872 -0.26018041344486514 -0.10917156155219954 -0.3593286077951986 -0.28780094060010986 1.0193540815128745 1.0077161474408056
113 1243 0.015073467477999428 0 0.013715767818935657 0.01967427420369589 0.01632392118728039 -0.19951274629768254 -0.27296071356767765 -0.11115174667352443 -0.2803511943570539 -0.09733525284587567 -0.36177376668520034 -0.2521880792861424 1.0219957079737358 1.0106416900549784
1982 21802 1.9259262836313393 0 158593.16238624204 0.02148459283870405 0.18153018264511228 -0.24138408755201823 0.34245976561131464 0.2289978617817156 0.34086450746219776 3.33432797028186 0.5549984714354412 4.960053877521299 1.0656833005242576 7.805830625437961
114 1254 0.014641904993624149 0 0.014206505954737726 0.019882476541253254 0.016502235594967173 -0.2013018475063574 -0.25798130330279556 -0.1073540115080492 -0.27873137749038557 -0.10512255944010196 -0.34335828029780063 -0.24639625300393095 1.016048381472549 1.011642488311143
115 1265 0.014397447414664226 0 0.012351086205603339 0.01928557723634891 0.016704064903106438 -0.20356897517610142 -0.25349766694690506 -0.1293243027538591 -0.2627566356679323 -0.12957420285014945 -0.3564319441831567 -0.2404583022317993 1.0162914607536038 1.0106137413255354
1983 21813 2.003237021955293 0 159050.6940700763 0.021609741665545596 0.18156406127868158 -0.23998706361997132 0.33820370865163873 0.283999565036737 0.3353607001011033 3.3330958334526586 0.6071336479306844 4.955289539423596 1.0732901806481254 7.6464207230492
116 1276 0.014824018716269045 0 0.012781848288812226 0.01996673079175499 0.01717626447141793 -0.2037542167725592 -0.2808252378617428 -0.1338619160151315 -0.28726338556802816 -0.11597230232138027 -0.3718683869635306 -0.2250383396262312 1.0184911666936964 1.0120352945241253
117 1287 0.014528369798664044 0 0.012243121415446081 0.0196527120094326 0.016777732454793887 -0.20034208069907827 -0.2774653176372692 -0.12935649876232969 -0.280103642664 -0.1230146884312323 -0.3735973316685919 -0.22553378918929498 1.027304674029994 1.0083721835326414
118 1298 0.015433156218269083 0 0.011708882397773599 0.020252897499812624 0.016525273746899327 -0.22372479003867082 -0.2755924228580543 -0.15795264658609706 -0.288768847187436 -0.14894003002812475 -0.35462583925169483 -0.19788191864111132 1.02048534350824 1.0082870903055112
1984 21824 2.1439501258399893 0 157645.20167425217 0.021510615052794467 0.18150542160936767 -0.23691820421039422 0.3464382483264483 0.23943411378077134 0.34576297046318394 3.3379438324035484 0.5522456102542499 4.959863931489687 1.0675289582445424 7.791099777302545
119 1309 0.015526143457009374 0 0.012621928124980364 0.02012128119234448 0.016603334468146515 -0.24042738542937508 -0.26518960914303785 -0.1495786028286091 -0.2912469026123117 -0.1322174143690241 -0.35199034246758265 -0.21592441866100515 1.0201971044510003 1.011574216989722
120 1320 0.016375058435203958 0 0.012305995152512305 0.02038225406062017 0.016474709069242564 -0.2217487384656981 -0.2721264290003143 -0.1792876108376383 -0.2734233894716369 -0.15555163860286841 -0.34819135689417496 -0.19435901153807542 1.0258298061483218 1.0128570922827536
1985 21835 2.155916668263062 0 157645.38419233827 0.02140357601708608 0.18150723933887164 -0.24031395819932333 0.358760754657661 0.2216090573677668 0.35707680349995224 3.339336907235817 0.5210403809604323 4.9631561924487535 1.0648222758365053 7.893850367288696
121 1331 0.017289912879040754 0 0.010967057246438598 0.020302864507831843 0.016924987043473675 -0.24289039795085815 -0.28466837573737375 -0.17943682909565295 -0.3118851516024514 -0.1678227353402078 -0.3780602721614163 -0.18693740133219822 1.0231606595427392 1.0151524393240976
122 1342 0.01857409710328219 0 0.009095013097431227 0.019766134823282426 0.016355684346251096 -0.26708880021242176 -0.2867280522835779 -0.2010574906908033 -0.3113712522938247 -0.19745725731865582 -0.37766538532734756 -0.17280008822725254 1.0151933612789907 1.0117029685222174
123 1353 0.021153554458856864 0 0.010706498168759222 0.020813117727817212 0.016249623083716854 -0.2772085400298477 -0.29466797046829146 -0.2033064813999563 -0.2918003985419066 -0.21573522433539166 -0.37030400300792343 -0.14335634475616926 1.0099497310319059 1.0096026362059738
1986 21846 2.0828645454112245 0 159273.38178609082 0.021418562539239665 0.18149912155757297 -0.23483173785296976 0.3581182757439656 0.22828781547688978 0.35707452849137916 3.335330680307958 0.523426785560039 4.963877543789665 1.0662203480657686 7.869654038334168
124 1364 0.02225997499723272 0 0.011830078189531289 0.020054153719615633 0.016394786882833946 -0.2570400010215623 -0.28941013493664103 -0.20030452754557268 -0.2589027595480798 -0.22794455849115142 -0.3690181908262657 -0.14400513623164865 1.017647256788348 1.0036092703671948
125 1375 0.021085730792021553 0 0.009280480712740806 0.020201299824688494 0.016524838235448782 -0.25315118835633726 -0.29273827120509976 -0.20212087245028285 -0.28683006429690516 -0.18328350199208215 -0.3730662947213311 -0.18018037509500417 1.0342771195973413 1.0133334081436045
126 1386 0.019472972870106974 0 0.01192687193967351 0.020905627779187093 0.016127330944714413 -0.27758694361462494 -0.2830128442868677 -0.2318656914207945 -0.30029777238289873 -0.19534451668628 -0.36550567264826506 -0.17050264992923947 1.0244340758901065 1.014528715308084
1987 21857 2.1407750774463636 0 161617.55157176353 0.02146266053702219 0.18157869661438375 -0.23755791884471372 0.35705759973312823 0.24830720640123877 0.35899385672999584 3.331479157313471 0.5565511012407427 4.962281324799897 1.0674314046968392 7.834421498548922
127 1397 0.017755739875385295 0 0.007171309411011452 0.02053950952807879 0.01655575022423494 -0.2634082859565016 -0.2905485380207383 -0.20383830218038648 -0.29498959526899055 -0.19283855597651964 -0.37597092915524927 -0.22329675373223323 1.0209951252964726 1.0115624454324412
128 1408 0.01762343229423828 0 0.007298237105306856 0.019869216907641707 0.01728680170078282 -0.2635950496492151 -0.295044863171067 -0.20881159151894452 -0.2986535574500614 -0.19957359026433183 -0.41292848715039615 -0.22988051999749307 1.027546195849245 1.014587245904163
1988 21868 2.2794921582874625 0 158501.4466072699 0.02140271760402241 0.1814974269584711 -0.23383830802318412 0.3594889751468937 0.20830270591337935 0.3629598722204873 3.33687174834693 0.5103530021844342 4.964723292948191 1.0629483907850188 7.9313839447976004
129 1419 0.0180688152635573 0 0.006489852446061864 0.020472074245582842 0.016559011280356927 -0.3011654458088692 -0.2927308311835915 -0.2209547321671525 -0.30100764540931607 -0.19878810516963608 -0.3904994202933252 -0.24350366244772237 1.022847411181742 1.0134948253989073
130 1430 0.01819559689245194 0 0.006839671156563098 0.020214261226359855 0.016292242613067574 -0.2870972994305224 -0.2870690001880806 -0.2148901985279703 -0.28556530939042796 -0.19606289509064928 -0.39419842976465985 -0.22781167854119697 1.0285935762540006 1.0101747255243945
131 1441 0.016648523156479734 0 0.005320179027360268 0.01997820179617094 0.016751037632249933 -0.2813108143868336 -0.29494634095637534 -0.23199112314643341 -0.2902594790010597 -0.2388674182292936 -0.4015245648260451 -0.1927789732440207 1.0225091071656343 1.0149069829896562
1989 21879 2.5307093005696064 0 158501.6793992293 0.021282069141821718 0.18152744911587582 -0.23345667877269335 0.34707754450638006 0.162742667214491 0.3474533426281 3.337035045707118 0.5014924672043097 4.965942870643468 1.0611213369065207 8.005458532846541
132 1452 0.01666657612095114 0 0.005494543009682878 0.020616444870306484 0.016444539473864064 -0.32198507148546796 -0.29771744165678243 -0.26164760296933237 -0.2837270910136054 -0.26234529208503654 -0.37938701542971826 -0.17635718201556808 1.0154755298148217 1.0075706972580896
133 1463 0.016347094828064252 0 0.006467672849292262 0.02043195685729135 0.01669486769693036 -0.3086611149598747 -0.3052335679032017 -0.27230149235863443 -0.2823496985059742 -0.2664743173599536 -0.38136522597823874 -0.17346470485026733 1.024396097625088 1.010724792422815
134 1474 0.016108324848710425 0 0.005234589510698918 0.020546769628640566 0.016989465473475556 -0.2946424729656472 -0.2947035211714641 -0.27808944943630803 -0.2779446284885563 -0.26397493286072954 -0.3861989946466201 -0.18994841367717918 1.026242970236631 1.0109783651265913
1990 21890 2.813472909481079 0 160775.24324512668 0.021314289462872504 0.18181305694883898 -0.23505113704697964 0.3688430139735335 0.177871946779612 0.36984927312427596 3.3343168075376215 0.5514508217306684 4.971575360695507 1.061021342995663 8.126173588013645
135 1485 0.0158552946528996 0 0.004661376976567757 0.020454278978491763 0.01656025656657926 -0.2968333917446344 -0.2949490122565361 -0.2599509075621917 -0.2850100941619937 -0.24670236732205733 -0.38027251273461216 -0.22292767584321915 1.0232005954839858 1.0139015821289272
136 1496 0.015226275912810816 0 0.0038242084723128958 0.020529526385480574 0.016574248644742346 -0.3043218387917001 -0.28673895527509535 -0.2604106812369896 -0.292391184902323 -0.2634914089028382 -0.39452731169993077 -0.17753553625738533 1.0197629402027943 1.0161650144703713
137 1507 0.014497305706713199 0 0.0033978743829110648 0.020433344857711363 0.016614192791941373 -0.319143511503163 -0.2808763001697123 -0.2779978446103571 -0.2921848303632716 -0.2631572963747719 -0.38794296346702767 -0.1939531681648827 1.0156610771245695 1.011480325309114
138 1518 0.013844127752852708 0 0.0033894201117010063 0.020627332485036513 0.016926116755969146 -0.3230067450657166 -0.2864150974392792 -0.28374889015078913 -0.29593066628921355 -0.2735902414273144 -0.3966917881674791 -0.17761250302177634 1.023086461282991 1.0159996534733424
1991 21901 2.917190885329712 0 159969.8378761569 0.02144977832772479 0.18157824946846818 -0.23068909698249646 0.3564902843457336 0.21840044984654422 0.3573462327771067 3.335750041047635 0.5449897519004985 4.9643867966793715 1.0636258081526133 7.90159983599969
139 1529 0.013842435535434166 0 0.0038973078284430577 0.02032388034887759 0.016775303627438887 -0.3174363018096842 -0.269732970099473 -0.25530357894351796 -0.2735265016411877 -0.24747280583295478 -0.374820656180471 -0.1855000433802735 1.0186590747764115 1.0127002193057961
140 1540 0.013736387645403096 0 0.0045955186550772 0.019394183645557395 0.016715118817979293 -0.310265551882466 -0.24693684899072915 -0.25270880379196875 -0.2543923749247211 -0.2517038996184296 -0.37765013746317055 -0.19093476044556465 1.013205904226847 1.016213756314472
1992 21912 2.8178116882115947 0 160955.96921619558 0.021383317783811244 0.18165294560668582 -0.23173707434596363 0.3633915539032184 0.20229873182947636 0.36552584825966955 3.335099142703608 0.5337789112435871 4.968749590506691 1.0641623195259382 7.9960377184268445
141 1551 0.012657932930923122 0 0.004067691551025264 0.020276010136885472 0.016223653004430023 -0.31171898495952466 -0.2782706482091203 -0.2798509650796591 -0.28837046466253674 -0.27147443654846 -0.3812921563803603 -0.1864426332649497 1.0255784447881666 1.010534932860553
142 1562 0.011471507819234103 0 0.002767809844391123 0.020129109089846015 0.016671621851431895 -0.31992866091352906 -0.271982315442082 -0.27382460410409803 -0.28494326650736085 -0.2723795398275825 -0.39187150015117944 -0.1987106801176778 1.0197715560067424 1.0170283444885777
143 1573 0.011838626255058961 0 0.0026128586696291317 0.020750136675237896 0.016661457551915948 -0.30644045371104506 -0.27060658017403105 -0.26908031643550134 -0.2740037805188134 -0.2671689518061205 -0.39110180689498775 -0.19950068596061654 1.0285627983791643 1.013876302570499
1993 21923 2.8527739442729825 0 160885.74814513174 0.021296072226545733 0.18161077587080232 -0.21742490688766855 0.36977358005996663 0.18957945827867764 0.37081768733156667 3.333096961241974 0.5104803370429689 4.9705343429735755 1.0643647615122118 8.04322001115996
144 1584 0.012807168507904549 0 0.0024420209510716386 0.02098983514856889 0.016662269566987346 -0.32620277575579276 -0.2665856669950287 -0.2817208598586782 -0.28049956832639394 -0.27767497288019743 -0.40249145264245634 -0.22459386926710972 1.0333666156342443 1.015306103176081
145 1595 0.012294731848672812 0 0.002057233274889091 0.02062176731540258 0.016612294129174216 -0.32556366848951684 -0.2631609921360414 -0.2850916776857757 -0.26224050803269655 -0.2795728411343341 -0.3859131930404443 -0.19526189416367068 1.0231763509863843 1.0145265886397952
1994 21934 3.0040691866489464 0 158250.28510829233 0.02151218405668842 0.18147426880043083 -0.21876649029629391 0.34780723895257815 0.2619858094596107 0.3493635582548603 3.327609555545806 0.5541183336035846 4.960069548162601 1.0732374065383334 7.716053075741181
146 1606 0.012519873230055859 0 0.002379280825547704 0.02092883842290217 0.016916244486396257 -0.3441522975008168 -0.2579247629101108 -0.2765149249709748 -0.26494478550624995 -0.27903119954150807 -0.3946737056869736 -0.2263851885767771 1.0257712130056902 1.0175408965805703
147 1617 0.012028150735984762 0 0.0019461735612314145 0.020425725733465787 0.01675958102590193 -0.3222610545755976 -0.27025196870766355 -0.2803207714322184 -0.27787029138782143 -0.2697260365608741 -0.40778499058881557 -0.21589581418005666 1.030757624499221 1.0146514808814218
148 1628 0.011587738939503486 0 0.0017884558113011248 0.020408747885425335 0.01656477373459629 -0.32843538383954607 -0.25639606753013255 -0.28872093371389057 -0.26286664758732065 -0.284355650693516 -0.40714300805086645 -0.23129374325890656 1.0361779137327072 1.0138049856875
1995 21945 3.0342781722443375 0 158250.26181725855 0.021412982312932753 0.1814593317860479 -0.21379018297255703 0.35271131902409714 0.22598746409401116 0.355821793969476 3.328032595189073 0.5287298594011602 4.962466031914791 1.0685497139026856 7.842828837728261
149 1639 0.011251608456160559 0 0.0016745093849499762 0.020688147540963396 0.0166797573825321 -0.31909755044439303 -0.26276554683804415 -0.2808292769999346 -0.26792625206933673 -0.27927805586560384 -0.41591708357652807 -0.21781333599842084 1.0340550245509834 1.0149904449532379
150 1650 0.011074134333233836 0 0.0018055165810176152 0.02017977467216139 0.016602539086284715 -0.33474452193397064 -0.2561277256635036 -0.29822386903738707 -0.2507187364108998 -0.30096015232607326 -0.39774489136315005 -0.213322208961238 1.0342006658762628 1.0124942119273914
151 1661 0.010879793134405381 0 0.001555596047609013 0.02087086503908455 0.016611557833492302 -0.31878364025461414 -0.26404151125874314 -0.3003809726429364 -0.25246107267772255 -0.3050176704551307 -0.40718561436472417 -0.21489628192104843 1.0448125813910798 1.0116957325421807
1996 21956 3.064399131748332 0 161970.43570846177 0.021424598422027524 0.18147706020181736 -0.21549389567065877 0.3430086157381247 0.23550401654597403 0.3427242452091967 3.3292390825924536 0.5498041340790234 4.960199842530939 1.0719625377341608 7.773456626531713
152 1672 0.011316194600725003 0 0.0015415661931459457 0.020699015351189856 0.017081129007160956 -0.3089216124227206 -0.2543758028815964 -0.2930855184001048 -0.25767568757397025 -0.2964578681514684 -0.4192233744249973 -0.2504426553507272 1.0466059434634287 1.018254953267943
153 1683 0.010724238972208663 0 0.001382681349980017 0.020839951411965787 0.01671326909017032 -0.31962316453487616 -0.2654197009504747 -0.2914788843017552 -0.26989780395306157 -0.28956067443232264 -0.41487642566972216 -0.22328989424503645 1.0447912680987068 1.0119397170804791
1997 21967 3.2530299880699616 0 159527.22325993376 0.02155936011347155 0.18145558055003214 -0.20917207100873025 0.33977987644662555 0.23980944204638682 0.3475825373375229 3.325661518620691 0.5612387192460186 4.958022732305483 1.0715345301233616 7.735326668431416
154 1694 0.010108251622729329 0 0.0012324839057188167 0.02097165266187558 0.01675090587960676 -0.3388030080839136 -0.256957174474561 -0.30184646306337887 -0.26908473239884945 -0.30454975582384686 -0.4041889215413817 -0.21420068162421244 1.0406712686112827 1.0121741297307902
155 1705 0.00940453799921421 0 0.000984976383529266 0.020700395940649135 0.01698771315192094 -0.3192766813473292 -0.26146008054278125 -0.30184999047230704 -0.25936072061554294 -0.299550370077024 -0.4118514022089299 -0.20314125641992345 1.0400302868959783 1.0135327544889918
156 1716 0.008884735057732105 0 0.0012638227365504772 0.02078540528927919 0.016987381754705645 -0.3244707249754684 -0.27260662153237053 -0.3188894223417018 -0.2765418594076335 -0.3161690383928677 -0.42028662913510556 -0.20166358815756508 1.0394418659109075 1.0158417136200064
1998 21978 3.5138709740493446 0 159526.91406163538 0.021477020543629727 0.18129753539022048 -0.20195455337566495 0.35018824957731276 0.2372011412376137 0.34814044333555644 3.333086121762175 0.5062362163731358 4.958430480533061 1.0704562392688104 7.74095589790633
157 1727 0.008360231831769357 0 0.0009631911771577417 0.021026581086561927 0.016909082440135642 -0.325000196287688 -0.2618062745096282 -0.305125949048708 -0.26201196274539623 -0.30819967923583536 -0.41289170762493377 -0.20059532828856858 1.0485017734108457 1.0128187026149469
158 1738 0.00797689070089574 0 0.0009573191552076765 0.020794995777750312 0.017005683618535026 -0.3231864565749229 -0.2623888901929913 -0.3040632825217839 -0.26704941231505674 -0.30370493262042697 -0.4199955404817771 -0.20819496957410147 1.0477846955608352 1.0170383145964799
1999 21989 3.7360881921627604 0 164587.47065171978 0.021442702032844662 0.1814826714788887 -0.20336380219334968 0.35298734762205974 0.20559769467316844 0.3541456734786475 3.33128252897013 0.5302356702120044 4.962877703919267 1.0669604777031247 7.895333093939993
159 1749 0.00772538447168331 0 0.0009692024343432658 0.02100186806578818 0.016896824377269665 -0.32406528901336606 -0.2649406165418609 -0.3021477051292629 -0.26530252239982954 -0.3047677272576952 -0.41216396542509015 -0.21335016737760815 1.0469683787113466 1.0123613254858448
160 1760 0.007397368983372537 0 0.00100732331198472 0.020953525770138048 0.01683429855880313 -0.3273499229924025 -0.2510620063306892 -0.3011449895677109 -0.2588814561015706 -0.29375208713214623 -0.40401794558072446 -0.22441272730224243 1.0447630703344006 1.0151339602819114
161 1771 0.007033612825527188 0 0.0007546976538000001 0.020909279049577203 0.016964029157677293 -0.32803013232988376 -0.2515672965895679 -0.3037511089484342 -0.2538140171214739 -0.29983973337784275 -0.4085327158019818 -0.2239390236495337 1.0498739610387078 1.013401116302893
2000 22000 3.6681068851669885 0 177248.45643935679 0.021460062208354082 0.18153088809154894 -0.2045555405006709 0.35041067620241506 0.19704597463947837 0.3509399706561581 3.332722464663466 0.5321534560348891 4.9637977085436935 1.0676896634643722 7.910942645705811
162 1782 0.006800753555359633 0 0.0008310386675710134 0.02063233056338875 0.016974501888907586 -0.33256016218267764 -0.25594615855573466 -0.3045212895104972 -0.2534299197476122 -0.29726235140851687 -0.40765241633975535 -0.22140882499245923 1.0394518180322199 1.013891320583034
163 1793 0.006733307277858843 0 0.0010035101978626854 0.02071231322902523 0.01699172373443075 -0.3282090899945361 -0.2569693288853853 -0.2966275401507286 -0.25753281729497 -0.2937755051168565 -0.4157362598827795 -0.21361908989116146 1.047054811839145 1.0150629190125413
164 1804 0.006179127588513321 0 0.0009135460424423337 0.02109736054885998 0.01682899596099862 -0.331218308671305 -0.26316497713591397 -0.3120524532591702 -0.2645519279961146 -0.3071051900248874 -0.4173778076574142 -0.21218758505023239 1.0473402550828737 1.0147780560275985
165 1815 0.005789861773517645 0 0.0008689672566435291 0.021143743969936995 0.016967308153374997 -0.3288036213792061 -0.25995088485539647 -0.30752032105029586 -0.2599079073797916 -0.30069318935647227 -0.4136692324734437 -0.2199949448372454 1.0534858285033355 1.0162504717975906
2001 22011 3.4745415690687755 0 177737.13934951913 0.02158125878423 0.1814926737230944 -0.20810183441919033 0.3423728503316301 0.24297266189854408 0.34277748417140536 3.3301746097726386 0.5575493590634437 4.958696332449855 1.073379293330314 7.744806578856448
166 1826 0.005621711986154233 0 0.0008477106723676113 0.020986491946838264 0.01683373413133225 -0.3393199297555008 -0.26006699087893426 -0.3154438989842723 -0.255492853902455 -0.314197927540579 -0.4169442953888676 -0.2229365406571489 1.0540061075238012 1.0138534711495284
167 1837 0.006130170888100679 0 0.0006547856181824037 0.020807700971837578 0.01685064422966501 -0.3365048851289159 -0.25253352291842884 -0.3154267182886507 -0.2536688930779754 -0.31509887136835285 -0.41281879286325207 -0.2318680240645748 1.0489547089640652 1.0130324997436806
168 1848 0.0067487933981305315 0 0.0005296484967792545 0.020866141308390346 0.01691781263028637 -0.3371126210403513 -0.2532053713511893 -0.31832484503067526 -0.256269925062032 -0.31897777330705784 -0.41101352670785574 -0.22629368653057388 1.048133654532789 1.0138584405108457
2002 22022 3.444895807721251 0 177751.67786302153 0.021524124166233994 0.18156630748546349 -0.2027586777524354 0.3484240594296484 0.23329964186552954 0.3466961049232321 3.3294180922668795 0.5681518104378611 4.961118467561393 1.0724029168979041 7.814403577596789
169 1859 0.007193822908889798 0 0.0005470431361312572 0.020838912215881578 0.01688263383130553 -0.3401393260648455 -0.24820740968962715 -0.3117078879895173 -0.25111373730229686 -0.31312300406024773 -0.4019150189415136 -0.22627518027759635 1.0458781958387378 1.0151098652904584
170 1870 0.007160683276409078 0 0.0005110404611532668 0.02090298291133763 0.016928256989718823 -0.3405752827106387 -0.24901725571192646 -0.3223268879658592 -0.2480677861037751 -0.3241674787827698 -0.4097266225840188 -0.22353288295500656 1.050872430339818 1.0145450865027812
2003 22033 3.252741506292354 0 167676.97328509064 0.021650746401279015 0.18139820395837636 -0.2041454105017899 0.3558466141884047 0.28398070705751016 0.3559128806085269 3.328696238393142 0.5538384227952449 4.956828222028653 1.0735576073262765 7.65927525352688
171 1881 0.007025931418960259 0 0.0005130082514122106 0.02099624529907046 0.016914625917595322 -0.33353886825285356 -0.25657154407756616 -0.3210507197917805 -0.2516407892213471 -0.31900295033410764 -0.40334959311487395 -0.23915769076940335 1.0520658141656525 1.0125249315647549
172 1892 0.006724645291201021 0 0.0006013745470627946 0.02108556706829236 0.01688410008998475 -0.32932695309997356 -0.2567580163574005 -0.3152408964973476 -0.2533306190393166 -0.31391543840559 -0.40629604489423293 -0.22988356613816407 1.0507245584888112 1.012232879404213
173 1903 0.0057772998013359235 0 0.0005444220055827811 0.020956311264368133 0.01691157700058899 -0.33033717079149866 -0.2534586578925997 -0.31205496449709963 -0.2531786110628073 -0.3098378040741208 -0.40577039737268744 -0.22882500077412246 1.0513621541775386 1.0135197089384522
2004 22044 3.0830163016717127 0 159997.04159654301 0.021730899880760435 0.18146918727175654 -0.18834779306904217 0.34040802296216555 0.2821679394119119 0.3404939519270012 3.330063851928276 0.5950544954582284 4.95568711976337 1.0781365871230923 7.608723318377233
174 1914 0.005541566012112167 0 0.0004994248490313232 0.020952664652857445 0.01687802590905715 -0.34168590768702817 -0.25368653818618403 -0.3208567035529919 -0.25314405175445925 -0.32285773705875737 -0.39892776492958043 -0.22649359203019973 1.0515330831434255 1.013663428301511
175 1925 0.005253314475765211 0 0.0004247961285453778 0.021006785888624806 0.01687243239813686 -0.3455366750572712 -0.24920293753115633 -0.3277333153469772 -0.24883811996285635 -0.32666069698523387 -0.3999542205009667 -0.2281145173503489 1.0553308474234466 1.0150280802496254
176 1936 0.0050513330656570595 0 0.00043074861205796264 0.02100580946050568 0.016906203603938696 -0.33526002793339793 -0.2515046090451741 -0.3224015331351655 -0.2530190843061489 -0.31911607903148204 -0.40747796506658346 -0.22453904531069657 1.0520608287295714 1.0147981239389499
2005 22055 3.0804589702152745 0 159997.09643771616 0.021645416808085294 0.18129650608359293 -0.1942910175278185 0.33816215307992437 0.25632883650516813 0.3432842351175719 3.329083451586031 0.5504909254175949 4.953052062888858 1.0732584744670475 7.646708545725904
177 1947 0.005003432882956084 0 0.0004319704982584378 0.021159164573209533 0.016912104172521942 -0.3407464711062703 -0.25170355338050865 -0.3222261143822206 -0.25239668316154545 -0.3200862929648883 -0.4058900363874007 -0.23735645236214908 1.058340622005781 1.015322775139131
178 1958 0.00504983252859352 0 0.0004168420874033579 0.020991239881423655 0.016921046135734228 -0.3417260930798904 -0.24271484307096616 -0.32447050292164287 -0.24155953153530516 -0.32625131216997155 -0.3969324092650799 -0.23090618931780238 1.054866212409923 1.016099514836772
2006 22066 3.183756508810671 0 164659.00181093742 0.02157994618082925 0.18133444139027854 -0.19255916597143635 0.3595256656733046 0.23510873071788546 0.36076574779087434 3.3340526613419095 0.5183747622756165 4.958695134730912 1.0692485523806001 7.795607117037385
179 1969 0.00508225397659802 0 0.0003895299457235661 0.021128399676772405 0.01702059130418682 -0.34102350803534287 -0.24876104179646233 -0.33091629717339976 -0.2534742169556657 -0.32887155590248646 -0.4059118072717892 -0.2311976076584851 1.0578936324099832 1.0166951458643219
180 1980 0.005118541582784492 0 0.0003341646345406824 0.021193301901751217 0.01696952521202343 -0.3405357421512895 -0.24748648472389725 -0.3291446330043394 -0.2502712134065799 -0.3289080108638912 -0.40307236945632113 -0.2375635017528993 1.0605989741133557 1.015777676570852
181 1991 0.00525433320512549 0 0.0003087874710212585 0.021247804823318714 0.016914422620625005 -0.3407616610684147 -0.24770730340192765 -0.3318440783745996 -0.2451603022498677 -0.32986870239862626 -0.3997838817851716 -0.2457205663805015 1.0626865754889452 1.016418884560011
2007 22077 3.3517469487915483 0 179437.47145646898 0.021537662077740726 0.1813970253960578 -0.19424723514441744 0.36878404725165126 0.20768296111531281 0.3725415259691508 3.3353545942718843 0.4983362025629159 4.964664931051111 1.065432544931381 7.914590728046953
182 2002 0.005770822500581743 0 0.0002530019995765552 0.021082933217775587 0.01692449894675383 -0.33966221034483374 -0.2457765242722641 -0.330514164547712 -0.24347276286914193 -0.330690960220132 -0.39038006858545143 -0.24627979643944897 1.057144088743586 1.0149649597310872
183 2013 0.0064563804248303144 0 0.00027317752244147164 0.021128867222375256 0.01699923467726482 -0.33197184528145757 -0.24339374488045667 -0.33818509730079915 -0.2447658821845457 -0.3367691123553134 -0.39512202919687156 -0.2556836520995281 1.0623201558573192 1.0137298044488878
2008 22088 3.3977894821195025 0 181451.990684266 0.02160926170612992 0.18118543936765408 -0.19325388038486974 0.36408957610632875 0.23399608101145822 0.36486539939325047 3.3392437082181963 0.4694205040239545 4.959007760275002 1.06684919494111 7.769978878326704
184 2024 0.00696877098927708 0 0.0002229688069444188 0.0212994388166209 0.016897700604465705 -0.33823307986278406 -0.24219008727432292 -0.3372739146866497 -0.24364007583348068 -0.33805029233107386 -0.38958938965918716 -0.2586634554336282 1.066815274105224 1.015126369501972
185 2035 0.006887692384058966 0 0.00019222056112953837 0.0211313514243963 0.016966470648221543 -0.34152180469695537 -0.23661599231850766 -0.3425794514414056 -0.23516997330951328 -0.34024679740103014 -0.3878144447215382 -0.25305461175785043 1.0616019079321857 1.0167237223152263
186 2046 0.006914137592949113 0 0.0002638816797830556 0.021279144599084362 0.017096021616577705 -0.3463633152754088 -0.23276578114533192 -0.3402316929427143 -0.2302333886203315 -0.33849736907178046 -0.3863887036566036 -0.26947979297989805 1.0634934362522437 1.0182029675476219
2009 22099 3.442851250818887 0 181064.85710998668 0.021730950543141992 0.18115854828219213 -0.18631723841049003 0.3434638834030608 0.2774685050188749 0.3498933817938705 3.3341152032528316 0.522025042273679 4.952447566937738 1.0763751026093953 7.561013015397661
187 2057 0.007121894951864715 0 0.00031883517799348156 0.021266017186989637 0.017046925090130227 -0.3425104319537345 -0.2443208862714402 -0.34353518829786167 -0.2398168192230116 -0.3400755770125401 -0.3968702385698925 -0.25831227552248875 1.0575081887764741 1.0171798695069678
188 2068 0.007271174802291416 0 0.0002223327849982662 0.021088282535067403 0.017098881052292906 -0.34930923005078107 -0.234551771368593 -0.34716992938680463 -0.23230990835480822 -0.34606527795086983 -0.3825329387067141 -0.2725958537439884 1.0528853298880256 1.0175633312787589
2010 22110 3.6604250749842344 0 179978.47579527122 0.02169129289177523 0.18121316697716994 -0.19900947714429149 0.3329705227164155 0.24490029839161112 0.3386975184464407 3.3328676979064187 0.5179214206754956 4.953444986489079 1.0732007629020763 7.6177452759823225
189 2079 0.007168622710287031 0 0.00024611144038098757 0.0212408518449723 0.016966591484960977 -0.3498831849399417 -0.23435283087993175 -0.35151251926835037 -0.23032650945554428 -0.3519135846446266 -0.3816516774613965 -0.2742897449704507 1.057648941068301 1.0155273932312034
190 2090 0.007118739039986715 0 0.00011166960021305172 0.02104094032471451 0.016908165620865046 -0.3380950336218001 -0.22990257321802554 -0.34311390439915845 -0.23083729716597315 -0.34201664368537427 -0.37689363400062287 -0.268525493464495 1.0500927166455305 1.0144935781123705
191 2101 0.006703414076445173 0 0.00013912265633619548 0.021066177900460756 0.016921067483496977 -0.33850697965381427 -0.2326288596044362 -0.3425098944177021 -0.23559113250613156 -0.3389887432163566 -0.37987944465959667 -0.26471014277947114 1.053035982206688 1.0165966404920006
192 2112 0.0062984542778693805 0 0.0002133003410760946 0.0209256502015216 0.016957670138314774 -0.3390147617804543 -0.22550194942579313 -0.34229955689056074 -0.21941409805949325 -0.33814328030171836 -0.3707934883139542 -0.28759458284892675 1.047171597858958 1.0135149238000671
193 2123 0.00624471223262162 0 0.00012483049301088847 0.02092630628585963 0.01692067412438332 -0.33830269461685625 -0.2238429278505199 -0.34351917424728134 -0.223612012422863 -0.34346752232569794 -0.37058720544354806 -0.2744387457598039 1.0463638083130091 1.0152865033459233
2011 22121 3.5643000271507934 0 178095.9499032028 0.021643907984724504 0.1813089645803994 -0.18938993652215924 0.34332864955807096 0.24029661135726588 0.3481166325436099 3.3319265560826126 0.5269123408419922 4.9575796258182425 1.0743219316426305 7.692838390373998
194 2134 0.00594332713335583 0 0.00017975996246867457 0.02090180506523007 0.016977066442352643 -0.33648402122147036 -0.22246053199766222 -0.34131419293845205 -0.22198586707804333 -0.339882590428241 -0.3764523690034533 -0.27552171947844356 1.051107752149138 1.0168335861851758
195 2145 0.005311840489641134 0 0.0001537924755424142 0.020920424074108643 0.017023110683095134 -0.3352700045857572 -0.22661741020783294 -0.3427149122889548 -0.2250693783215109 -0.3418830679266286 -0.376430509313179 -0.2681659231766901 1.048983523181572 1.016746817612267
2012 22132 3.6573721048256647 0 179227.74592505986 0.02188891740884618 0.18150579166597242 -0.18318515872772165 0.3146175605168242 0.2930293096975009 0.3198200228106224 3.3271776819281373 0.6517649478898218 4.950751785317636 1.084372234291437 7.46634783114439
196 2156 0.004850883562703505 0 0.00011710564987312452 0.020989743483294476 0.01693603399607387 -0.33123971751957054 -0.2306834476934021 -0.34136930043368385 -0.23018219383255922 -0.338035193124558 -0.3776940873251311 -0.26809368223987556 1.050874173153665 1.0159242906073476
197 2167 0.0045545172587812864 0 0.00011607915816348066 0.020919206754444492 0.016975174783547233 -0.3320006412568261 -0.22886908163746716 -0.3429541306238205 -0.23091096990060467 -0.3404412985922565 -0.37309803621002835 -0.27056059080889017 1.0475339867701337 1.0179344551860103
198 2178 0.004479323866836609 0 8.493104572273857e-05 0.02090384089121768 0.016948849964635002 -0.3356767758736278 -0.22704410984670723 -0.3437565726333691 -0.22726379597542753 -0.342477604062467 -0.3766284460888568 -0.27605060712642276 1.0481254284856294 1.0174443788793055
2013 22143 3.5254174758691246 0 178346.78562459862 0.021816277254861963 0.18149994803198927 -0.18293682145093595 0.330528498981435 0.2829368982493205 0.34234387930031557 3.324362948876064 0.6258631520823279 4.954109064195543 1.08296719655328 7.576561619151445
199 2189 0.004235482238647402 0 0.0001103850860370971 0.020897405107654695 0.016925295061338035 -0.33280730548562837 -0.23562452530107467 -0.34025320646881974 -0.23377743785639754 -0.3386347470417002 -0.3809180404903963 -0.2644719087038595 1.0488748558799752 1.0168516417743794
200 2200 0.004028256755478448 0 0.00012199884329751006 0.020929101100686662 0.01692455509847258 -0.33788024729381383 -0.2300322290598778 -0.347101854095316 -0.22618747943446782 -0.3455757934644345 -0.37903927051485337 -0.2727157752430588 1.0483039550468265 1.0169644141570617
2014 22154 3.4538149463769448 0 178346.38416448078 0.02177036816024298 0.18120448585121568 -0.1791107148042919 0.35695304731890687 0.2665851354622827 0.36721590024396494 3.3328734689851545 0.5089851750372567 4.95696478400526 1.073361828345116 7.644057673950622
201 2211 0.0037711662164299975 0 0.00011949380749467042 0.020903002118400463 0.01690589680385336 -0.34008169040120345 -0.23416582179009232 -0.34353966891672866 -0.23428034528688935 -0.34354479308320346 -0.3809303458516999 -0.26491668607196484 1.0476272251426981 1.0159816475227565
202 2222 0.0035020922871584724 0 9.093830055722821e-05 0.020970394646200926 0.01697222005288922 -0.33773098511836686 -0.23338273257138725 -0.3425831154333684 -0.23325445155169539 -0.34161749411606995 -0.38034284585039335 -0.26646923922716026 1.0465618740510128 1.016935439496132
203 2233 0.003419809452748758 0 8.735876504337304e-05 0.020848286076670962 0.016933326798465466 -0.3329226226063127 -0.23187704286381003 -0.3376835960416744 -0.23175991337214782 -0.33564485425391094 -0.38177766175424277 -0.2661354232254613 1.0437931783356433 1.0163096101093123
2015 22165 3.3145679861530173 0 180207.83829007496 0.02159694201078429 0.18136360835343823 -0.18175111594720234 0.34544173309482495 0.22549948808835737 0.3506361854011339 3.3338156502622085 0.5323157612018576 4.959003028719655 1.0725113845860594 7.756794783668067
204 2244 0.003307733471150836 0 7.420903789131267e-05 0.020862674227928472 0.016946212036765725 -0.335413340614492 -0.23480064886144034 -0.33831302035270383 -0.23509138208673813 -0.33685829093466435 -0.37824141782736875 -0.2696422184366975 1.0441420288728287 1.0163102710988496
205 2255 0.0033157028616053927 0 6.307213246493828e-05 0.020859841053614644 0.016970451142223765 -0.33382853443095806 -0.22975964700288173 -0.34313975051126533 -0.23034487317325905 -0.34170194816167526 -0.37691555909343777 -0.2742230540718261 1.044585037782832 1.0167057020805548
2016 22176 3.2499550707890315 0 180440.9762442682 0.02154361422904107 0.18129805031759527 -0.1921505695587036 0.35228818495796865 0.23814283985579118 0.35550835563124167 3.3298768679216733 0.5158227198280922 4.957302719903696 1.070386356043311 7.739870826130623
206 2266 0.003421763167735907 0 6.836632660014377e-05 0.02084396020452426 0.01694451845987109 -0.3343090252084859 -0.2297734774707783 -0.3453748416426586 -0.22909681698407844 -0.3453457674073148 -0.37512084151880065 -0.2790290344128724 1.0447534745567666 1.0157929644410721
207 2277 0.0034741551976699364 0 7.105577227145863e-05 0.020752796111455092 0.01698742118728666 -0.3333819113456003 -0.22746447867219963 -0.3447693844231938 -0.22880503799029075 -0.3444174296251223 -0.3754605287588804 -0.27733736091954087 1.0404242066335232 1.0160243984552777
208 2288 0.003238184755970824 0 6.976230030129726e-05 0.020837151854122393 0.016956584009964186 -0.3349483936280468 -0.22859541140293294 -0.3413751205739623 -0.22885174910429446 -0.33970172651386843 -0.37312656510395537 -0.28175108556636214 1.0437270288295952 1.0143894198795924
2017 22187 3.3632530819870547 0 180441.20372635554 0.021623851242092203 0.1812758812054785 -0.19677245193269793 0.35126505149551335 0.2864486973980539 0.3524683014339584 3.3314653573646855 0.5439128358736713 4.952630015011368 1.075265351442881 7.608908048826372
209 2299 0.0030640616204336726 0 6.737285255416766e-05 0.020889181636931906 0.016942529078074343 -0.337092047048534 -0.2290892754860404 -0.3446766400130059 -0.22854900432184497 -0.3422641472848236 -0.3746190207534401 -0.2797224636002646 1.043509644167697 1.016382763545821
210 2310 0.0029174344275978738 0 8.470057970256274e-05 0.020898789628629615 0.01694614882878958 -0.337317801925303 -0.22843716925051474 -0.3447604351212552 -0.22679581447778668 -0.3433947578798998 -0.37863978681472243 -0.2757672367824317 1.0455235405015257 1.016993813269451
211 2321 0.0026945994791045765 0 6.251224892843934e-05 0.020859313705288603 0.01696574051833375 -0.33468058301909337 -0.2311972333955881 -0.3415973613602336 -0.22992210920095538 -0.34010996237056396 -0.37822300566404066 -0.2759218244492814 1.043680404391597 1.0178298058867727
2018 22198 3.232174567067683 0 178825.40927171876 0.02174241809981957 0.18138309875546638 -0.18121124630734578 0.3293299140096124 0.2750838772892745 0.33658327005236044 3.3249679195966118 0.586114551481014 4.952567310629818 1.0814720070262434 7.554558398864007
212 2332 0.0026297428216274575 0 5.730205320639078e-05 0.020852558466682262 0.016944912482458385 -0.334031279156448 -0.22920610548609388 -0.3418306678996962 -0.22847450385478457 -0.34151033498625527 -0.37426303191337496 -0.27773029309607583 1.0431965409727335 1.0161128255601193
213 2343 0.002698590427734915 0 6.181668268248862e-05 0.020799431044114976 0.01692455895044024 -0.3309306895422867 -0.22878444901546938 -0.34165858709114716 -0.2285542422368106 -0.34242188955007263 -0.3722055044140707 -0.2781679106217444 1.0418033519538965 1.0164749956390153
2019 22209 3.347853051531421 0 178825.5942974155 0.021834077216377437 0.18130712316518055 -0.17834555876770297 0.34998406847568475 0.29456187641366527 0.3600475289713679 3.328566895720146 0.5474837474915457 4.954668653780837 1.0797863902206346 7.5678078342765005
214 2354 0.002966522840862512 0 6.026681093376275e-05 0.020804910263743998 0.016958366753774802 -0.3324460464011992 -0.2316549381416551 -0.342435287892887 -0.23112923507998676 -0.34363647669752684 -0.37295356711674854 -0.27922222517192835 1.0415316778022377 1.0178246328130187
215 2365 0.0028510743762006144 0 5.560845808075095e-05 0.02075701817225202 0.016973878299942083 -0.33317796349035284 -0.22775029915286538 -0.342307165839541 -0.22850904373967626 -0.3428671983575986 -0.3734056759503774 -0.27885161163364836 1.039890456359193 1.0170389480739013
216 2376 0.0028220605390641418 0 5.6904300958018126e-05 0.020844242287784212 0.016952538765316095 -0.33504732033182516 -0.2307686504188255 -0.34481427551282734 -0.23113055078647 -0.3438008931512094 -0.37032280454522887 -0.28294205253101046 1.0436017332784269 1.0161443615746997
2020 22220 3.0286402325240376 0 178791.95119097637 0.021848376223963312 0.18122493161235753 -0.17925621304703923 0.32994572132641053 0.30175770821621456 0.3360299280447864 3.328317340772306 0.5643733812681777 4.949271485460791 1.0829962976602803 7.437201245966602
217 2387 0.0027934569714102736 0 5.998731907978897e-05 0.02076975320478918 0.016949874844817806 -0.33195662803305637 -0.23031483500804475 -0.3397730079846246 -0.22910562889963138 -0.34012954199186973 -0.37128394726609126 -0.2857856669365122 1.0410918224539119 1.0168956599855157
218 2398 0.0026423866400020245 0 5.695277358701863e-05 0.0207273504311008 0.01695804767568056 -0.33472646241775345 -0.22790504621895932 -0.3422769410602604 -0.22763327530905877 -0.34198345886935044 -0.37046461714289924 -0.2836301588228015 1.0402951169451748 1.017059160788545
219 2409 0.0025399666977280076 0 4.82274730125358e-05 0.02077144544423924 0.016996872503118175 -0.33210692697255445 -0.22759970693944426 -0.34281808353417337 -0.2282170326939687 -0.34173358852495145 -0.3714122253886031 -0.2843546367130019 1.0396414582627935 1.017210424630136
220 2420 0.002399916014138727 0 4.530401974579682e-05 0.020783897969210506 0.016985088095214027 -0.3339454840007124 -0.23106888655115415 -0.34125332186322554 -0.23063619526750298 -0.34001285535784287 -0.37301585732839115 -0.2809069025187293 1.0400560943606292 1.0177493210634434
2021 22231 2.974988314479996 0 178774.92067720435 0.02176522074744508 0.1815604497349888 -0.1725085688984966 0.3438933896341201 0.27975338179447634 0.34979637325193735 3.3233478741668327 0.6120220495979485 4.9560050097034045 1.0829933452405804 7.636931819513656
221 2431 0.0023606419809718165 0 4.733223729400423e-05 0.02075687644110387 0.01698162939822087 -0.33435364758057967 -0.22916511151766403 -0.3433588894321815 -0.22755189813536106 -0.3423689437123133 -0.3696185330871232 -0.28527141623765695 1.0401449038668737 1.018218785864361
222 2442 0.0020593344592960278 0 4.324502401007912e-05 0.020746460287562038 0.016984492084375434 -0.33238497050935767 -0.22892639131830686 -0.34047205056294816 -0.22847482360069515 -0.3395450991677636 -0.3723863230523365 -0.2822881505922393 1.0385828244092756 1.0173951482752974
2022 22242 2.8743306925231833 0 178712.04570067435 0.021622387671246766 0.181559915540155 -0.17273233927318069 0.34735161649902224 0.24370309404270013 0.3528655431252883 3.325377952942427 0.5818624550197615 4.9607462961005515 1.0790214491473056 7.763345890846201
223 2453 0.0019969942506868777 0 4.6558752774657174e-05 0.02077721981669386 0.01698869508273706 -0.33232653617487623 -0.2286830016428006 -0.3427526717878646 -0.22790254515024877 -0.3409621267075577 -0.36838753555219833 -0.2872886755011967 1.0404511652119866 1.0174361148750093
224 2464 0.0020152233372740572 0 4.270512379329271e-05 0.020748748910110405 0.016988500658543196 -0.33314628864671614 -0.23053548439510815 -0.3415631923838517 -0.23020685798889895 -0.3407311356049734 -0.36975812808171704 -0.287142912284683 1.0387932417396954 1.0185323032213258
225 2475 0.0019497462381210583 0 4.017727306889568e-05 0.020771599381745828 0.01699440756964142 -0.33306528861229145 -0.22911727100405163 -0.34380331431217986 -0.22820220650812706 -0.34305396737473437 -0.37042570121508356 -0.2865873131716011 1.0390633598696195 1.0184895637250109
2023 22253 2.7681315849646206 0 178711.69657508016 0.02178702815850811 0.18140348018670566 -0.16937455262812162 0.3318184506433557 0.2830042554554815 0.3403730845220436 3.3259469662868475 0.5981078468368235 4.953209998198428 1.0852477815723187 7.545074021857365
226 2486 0.0018716891669262985 0 4.4984919608054835e-05 0.020736576118542276 0.016965474884636088 -0.33306897384547973 -0.22851599392808783 -0.34178766292469914 -0.22768385984971337 -0.34164506704602654 -0.3674264956917368 -0.28980510014467936 1.0387248984079138 1.0182555858150042
227 2497 0.0018533992846103441 0 4.193848282369602e-05 0.020765234230404127 0.016989015669520546 -0.33278852565337935 -0.22814481560545805 -0.34500729792505225 -0.2273196165821093 -0.3445139003868707 -0.3683605456093154 -0.2891464014068352 1.039751285081384 1.0193721890641776
2024 22264 2.7231868425882353 0 178548.2470611169 0.021862354037470125 0.1813853224309182 -0.1743539836449321 0.3139673077201248 0.29119696522581867 0.3229927974530765 3.3242012401944057 0.626125344920144 4.947053415935346 1.0874778375674565 7.440772715657985
228 2508 0.0017911539945526867 0 4.2708429437273195e-05 0.0207271959845798 0.017002951852054336 -0.3341815005576652 -0.2263632200006711 -0.3434506535375066 -0.2258594118479741 -0.3434588645237597 -0.36838231596574433 -0.29103293826664495 1.0374230394837873 1.0192443115625538
229 2519 0.001686077742146052 0 4.010796049390359e-05 0.020773536469205146 0.016983000450548163 -0.3322903009331635 -0.2288660316407777 -0.3427300333149043 -0.22846263083320528 -0.34248535969162525 -0.3688454118360216 -0.2881414820153951 1.0388634337823754 1.018892739380602
230 2530 0.0016553584161379882 0 3.91024362250318e-05 0.020736226127734632 0.016991520060987628 -0.33101847528005857 -0.22878484569473578 -0.3414592749161504 -0.2282456016478039 -0.3416629693032369 -0.3700529811736203 -0.2857360965179978 1.0379842353291646 1.0187177139467396
2025 22275 2.8060262168340984 0 178548.1231426535 0.021876388670168986 0.18150245984957963 -0.16788757382460323 0.32549187418286074 0.29705631367491464 0.33065251848378724 3.329038577788825 0.6422747002031794 4.950809792917232 1.08950766108267 7.503514431190478
231 2541 0.0015610822006850507 0 3.7756884249665e-05 0.02072917670852453 0.016999433647294254 -0.3317415903186684 -0.2288273528656146 -0.342018541957715 -0.228548462003374 -0.34105107751176017 -0.3687159422184077 -0.2881840715172267 1.0378921869881386 1.0189181463869417
232 2552 0.00147400305573208 0 3.800666227468026e-05 0.020784086282871907 0.016999780545832135 -0.33246337007115295 -0.22861875743980098 -0.34323180921354124 -0.22859794396570213 -0.3421508260081484 -0.36974965202244675 -0.2863541745110573 1.039151477512918 1.0199363374306043
233 2563 0.001439042953818984 0 3.684134942286465e-05 0.020725342430535296 0.01699747855937146 -0.33321013951706424 -0.22829162119211274 -0.342881741874429 -0.2285047569459574 -0.34161108918753574 -0.369431223184383 -0.2854017202309298 1.0370450896062218 1.0192569653978287
2026 22286 2.714074722423898 0 179262.00361609622 0.02176343535795548 0.18149156142766215 -0.16262244089211483 0.32808115976277286 0.288375193034345 0.33346161024825743 3.321514844336963 0.626479855414452 4.951277869017752 1.0878925698017012 7.534162733327168
234 2574 0.001412023944240383 0 3.6169587826023594e-05 0.02070847718514272 0.016984195934178412 -0.3324840027059056 -0.22682766594842813 -0.34365168992269074 -0.22675297270801317 -0.3432700512275419 -0.36802238201826587 -0.2860361861233195 1.036546646956277 1.0190918396420767
235 2585 0.0014199697571430957 0 3.5752872588768656e-05 0.020704550906843068 0.0169943018498102 -0.33167044916465666 -0.22661648897173048 -0.3441288093692157 -0.2267884711719714 -0.34352001931225734 -0.3685207328683893 -0.28625092057547263 1.0364427579346078 1.0188089082698542
2027 22297 2.739366758651561 0 178960.3936303826 0.021803229788923493 0.18141594033197894 -0.15977191633527577 0.3267354670513338 0.2726729039979823 0.332851316290839 3.328697137451336 0.6083469909368464 4.951409016128104 1.0861664675090457 7.548228216301776
